   14    / H: 0 photon emissivity coefficients/
--------------------------------------------------------------------------------
    1    1
--------------------------------------------------------------------------------
//#01/p00/ 00/p01/ 01/                                                          
--------------------------------------------------------------------------------
  949.743   24  24 /pl=01:ss= 0:pb= 1:sz= 0/type=EXCIT/ispb = t/isel =    1
 1.00E+01 1.00E+02 1.00E+03 1.00E+04 1.00E+05 1.00E+06 3.00E+06 1.00E+07
 3.00E+07 1.00E+08 3.00E+08 1.00E+09 3.00E+09 1.00E+10 3.00E+10 1.00E+11
 3.00E+11 1.00E+12 3.00E+12 1.00E+13 3.00E+13 1.00E+14 3.00E+14 1.00E+15
 4.31E-02 6.03E-02 8.62E-02 1.29E-01 1.72E-01 2.59E-01 4.31E-01 6.03E-01
 8.62E-01 1.29E+00 1.72E+00 2.59E+00 4.31E+00 6.03E+00 8.62E+00 1.29E+01
 1.72E+01 2.59E+01 4.31E+01 6.03E+01 8.62E+01 1.29E+02 1.72E+02 2.59E+02
 1.00E-74 1.00E-74 1.00E-74 1.00E-74 1.00E-74 2.15E-31 9.76E-23 4.86E-19
 2.84E-16 3.85E-14 4.30E-13 4.61E-12 2.95E-11 6.38E-11 1.11E-10 1.66E-10
 2.01E-10 2.37E-10 2.65E-10 2.74E-10 2.77E-10 2.72E-10 2.65E-10 2.53E-10
 1.00E-74 1.00E-74 1.00E-74 1.00E-74 1.00E-74 2.15E-31 9.76E-23 4.86E-19
 2.84E-16 3.85E-14 4.30E-13 4.61E-12 2.95E-11 6.38E-11 1.11E-10 1.66E-10
 2.01E-10 2.37E-10 2.65E-10 2.74E-10 2.77E-10 2.72E-10 2.65E-10 2.53E-10
 1.00E-74 1.00E-74 1.00E-74 1.00E-74 4.57E-42 2.15E-31 9.76E-23 4.86E-19
 2.84E-16 3.85E-14 4.30E-13 4.61E-12 2.95E-11 6.38E-11 1.11E-10 1.66E-10
 2.01E-10 2.37E-10 2.65E-10 2.74E-10 2.77E-10 2.72E-10 2.65E-10 2.53E-10
 1.00E-74 1.00E-74 1.00E-74 1.00E-74 2.74E-42 2.15E-31 9.76E-23 4.86E-19
 2.84E-16 3.85E-14 4.30E-13 4.61E-12 2.95E-11 6.38E-11 1.11E-10 1.66E-10
 2.01E-10 2.37E-10 2.65E-10 2.74E-10 2.77E-10 2.72E-10 2.65E-10 2.53E-10
 1.00E-74 1.00E-74 1.00E-74 1.00E-74 2.83E-42 2.15E-31 9.76E-23 4.86E-19
 2.84E-16 3.85E-14 4.30E-13 4.61E-12 2.95E-11 6.38E-11 1.11E-10 1.66E-10
 2.01E-10 2.37E-10 2.65E-10 2.74E-10 2.77E-10 2.72E-10 2.65E-10 2.53E-10
 1.00E-74 1.00E-74 1.00E-74 1.00E-74 2.85E-42 2.15E-31 9.76E-23 4.86E-19
 2.84E-16 3.85E-14 4.30E-13 4.61E-12 2.95E-11 6.38E-11 1.11E-10 1.66E-10
 2.01E-10 2.37E-10 2.65E-10 2.74E-10 2.77E-10 2.72E-10 2.65E-10 2.53E-10
 1.00E-74 1.00E-74 1.00E-74 1.00E-74 2.85E-42 2.15E-31 9.76E-23 4.86E-19
 2.84E-16 3.85E-14 4.30E-13 4.61E-12 2.95E-11 6.38E-11 1.11E-10 1.66E-10
 2.01E-10 2.37E-10 2.65E-10 2.74E-10 2.77E-10 2.72E-10 2.65E-10 2.53E-10
 1.00E-74 1.00E-74 1.00E-74 1.00E-74 2.85E-42 2.15E-31 9.76E-23 4.86E-19
 2.84E-16 3.85E-14 4.30E-13 4.61E-12 2.95E-11 6.38E-11 1.11E-10 1.66E-10
 2.01E-10 2.37E-10 2.65E-10 2.74E-10 2.77E-10 2.72E-10 2.65E-10 2.53E-10
 1.00E-74 1.00E-74 1.00E-74 1.00E-74 2.85E-42 2.15E-31 9.76E-23 4.86E-19
 2.84E-16 3.85E-14 4.30E-13 4.60E-12 2.95E-11 6.38E-11 1.11E-10 1.66E-10
 2.01E-10 2.37E-10 2.65E-10 2.74E-10 2.77E-10 2.72E-10 2.65E-10 2.53E-10
 1.00E-74 1.00E-74 1.00E-74 1.00E-74 2.85E-42 2.15E-31 9.76E-23 4.86E-19
 2.84E-16 3.85E-14 4.30E-13 4.60E-12 2.95E-11 6.37E-11 1.11E-10 1.66E-10
 2.01E-10 2.37E-10 2.65E-10 2.74E-10 2.77E-10 2.72E-10 2.65E-10 2.53E-10
 1.00E-74 1.00E-74 1.00E-74 1.00E-74 2.85E-42 2.15E-31 9.76E-23 4.86E-19
 2.84E-16 3.85E-14 4.30E-13 4.60E-12 2.94E-11 6.37E-11 1.11E-10 1.66E-10
 2.01E-10 2.37E-10 2.65E-10 2.74E-10 2.77E-10 2.72E-10 2.65E-10 2.53E-10
 1.00E-74 1.00E-74 1.00E-74 1.00E-74 2.85E-42 2.15E-31 9.76E-23 4.86E-19
 2.84E-16 3.84E-14 4.30E-13 4.60E-12 2.94E-11 6.36E-11 1.11E-10 1.66E-10
 2.01E-10 2.37E-10 2.65E-10 2.74E-10 2.77E-10 2.72E-10 2.65E-10 2.52E-10
 1.00E-74 1.00E-74 1.00E-74 1.00E-74 2.85E-42 2.15E-31 9.75E-23 4.85E-19
 2.84E-16 3.84E-14 4.29E-13 4.59E-12 2.93E-11 6.34E-11 1.10E-10 1.65E-10
 2.00E-10 2.36E-10 2.64E-10 2.73E-10 2.76E-10 2.71E-10 2.64E-10 2.52E-10
 1.00E-74 1.00E-74 1.00E-74 1.00E-74 2.85E-42 2.14E-31 9.73E-23 4.84E-19
 2.82E-16 3.81E-14 4.25E-13 4.54E-12 2.90E-11 6.26E-11 1.09E-10 1.63E-10
 1.97E-10 2.33E-10 2.61E-10 2.70E-10 2.73E-10 2.68E-10 2.62E-10 2.50E-10
 1.00E-74 1.00E-74 1.00E-74 1.00E-74 2.85E-42 2.14E-31 9.66E-23 4.79E-19
 2.78E-16 3.74E-14 4.16E-13 4.42E-12 2.81E-11 6.06E-11 1.05E-10 1.57E-10
 1.90E-10 2.24E-10 2.52E-10 2.61E-10 2.65E-10 2.62E-10 2.56E-10 2.45E-10
 1.00E-74 1.00E-74 1.00E-74 1.00E-74 2.84E-42 2.12E-31 9.43E-23 4.62E-19
 2.66E-16 3.51E-14 3.87E-13 4.06E-12 2.54E-11 5.46E-11 9.45E-11 1.41E-10
 1.70E-10 2.01E-10 2.27E-10 2.37E-10 2.42E-10 2.41E-10 2.37E-10 2.29E-10
 1.00E-74 1.00E-74 1.00E-74 1.00E-74 2.84E-42 2.07E-31 8.91E-23 4.25E-19
 2.38E-16 3.05E-14 3.28E-13 3.36E-12 2.06E-11 4.38E-11 7.54E-11 1.12E-10
 1.35E-10 1.61E-10 1.84E-10 1.94E-10 2.00E-10 2.02E-10 2.01E-10 1.97E-10
 1.00E-74 1.00E-74 1.00E-74 1.00E-74 2.91E-42 2.00E-31 7.82E-23 3.51E-19
 1.86E-16 2.26E-14 2.36E-13 2.33E-12 1.40E-11 2.94E-11 5.05E-11 7.51E-11
 9.07E-11 1.08E-10 1.25E-10 1.34E-10 1.40E-10 1.44E-10 1.45E-10 1.45E-10
 1.00E-74 1.00E-74 1.00E-74 1.00E-74 3.33E-42 2.06E-31 6.82E-23 2.79E-19
 1.38E-16 1.59E-14 1.61E-13 1.55E-12 9.15E-12 1.93E-11 3.33E-11 5.01E-11
 6.09E-11 7.33E-11 8.61E-11 9.26E-11 9.77E-11 1.01E-10 1.02E-10 1.03E-10
 1.00E-74 1.00E-74 1.00E-74 1.00E-74 5.14E-42 2.66E-31 6.76E-23 2.42E-19
 1.09E-16 1.16E-14 1.12E-13 1.04E-12 6.06E-12 1.28E-11 2.23E-11 3.42E-11
 4.21E-11 5.15E-11 6.19E-11 6.74E-11 7.17E-11 7.46E-11 7.57E-11 7.65E-11
 1.00E-74 1.00E-74 1.00E-74 1.52E-52 1.00E-41 4.39E-31 8.55E-23 2.65E-19
 1.06E-16 1.01E-14 9.05E-14 7.71E-13 4.16E-12 8.56E-12 1.47E-11 2.23E-11
 2.76E-11 3.41E-11 4.20E-11 4.66E-11 5.07E-11 5.42E-11 5.60E-11 5.81E-11
 1.00E-74 1.00E-74 1.00E-74 3.65E-52 2.13E-41 8.32E-31 1.26E-22 3.26E-19
 1.07E-16 7.98E-15 6.19E-14 4.47E-13 2.11E-12 4.10E-12 6.77E-12 1.01E-11
 1.24E-11 1.54E-11 1.92E-11 2.17E-11 2.42E-11 2.67E-11 2.83E-11 3.05E-11
 1.00E-74 1.00E-74 1.00E-74 5.03E-52 3.13E-41 1.19E-30 1.51E-22 3.23E-19
 8.11E-17 4.64E-15 3.14E-14 2.00E-13 8.64E-13 1.63E-12 2.64E-12 3.88E-12
 4.76E-12 5.90E-12 7.42E-12 8.44E-12 9.48E-12 1.06E-11 1.14E-11 1.25E-11
 1.00E-74 1.00E-74 1.00E-74 4.25E-52 2.81E-41 1.09E-30 1.23E-22 2.09E-19
 3.95E-17 1.83E-15 1.14E-14 6.78E-14 2.81E-13 5.23E-13 8.39E-13 1.23E-12
 1.50E-12 1.86E-12 2.35E-12 2.68E-12 3.02E-12 3.39E-12 3.66E-12 4.06E-12
  972.537   24  24 /pl=01:ss= 0:pb= 1:sz= 0/type=EXCIT/ispb = t/isel =    2
 1.00E+01 1.00E+02 1.00E+03 1.00E+04 1.00E+05 1.00E+06 3.00E+06 1.00E+07
 3.00E+07 1.00E+08 3.00E+08 1.00E+09 3.00E+09 1.00E+10 3.00E+10 1.00E+11
 3.00E+11 1.00E+12 3.00E+12 1.00E+13 3.00E+13 1.00E+14 3.00E+14 1.00E+15
 4.31E-02 6.03E-02 8.62E-02 1.29E-01 1.72E-01 2.59E-01 4.31E-01 6.03E-01
 8.62E-01 1.29E+00 1.72E+00 2.59E+00 4.31E+00 6.03E+00 8.62E+00 1.29E+01
 1.72E+01 2.59E+01 4.31E+01 6.03E+01 8.62E+01 1.29E+02 1.72E+02 2.59E+02
 1.00E-74 1.00E-74 1.00E-74 1.00E-74 1.00E-74 1.05E-30 3.07E-22 1.27E-18
 6.49E-16 8.13E-14 8.94E-13 9.63E-12 6.30E-11 1.39E-10 2.48E-10 3.79E-10
 4.60E-10 5.49E-10 6.23E-10 6.50E-10 6.61E-10 6.53E-10 6.38E-10 6.09E-10
 1.00E-74 1.00E-74 1.00E-74 1.00E-74 1.00E-74 1.05E-30 3.07E-22 1.27E-18
 6.49E-16 8.13E-14 8.94E-13 9.63E-12 6.30E-11 1.39E-10 2.48E-10 3.79E-10
 4.60E-10 5.49E-10 6.23E-10 6.50E-10 6.61E-10 6.53E-10 6.38E-10 6.09E-10
 1.00E-74 1.00E-74 1.00E-74 1.00E-74 2.22E-41 1.05E-30 3.07E-22 1.27E-18
 6.49E-16 8.13E-14 8.94E-13 9.63E-12 6.30E-11 1.39E-10 2.48E-10 3.79E-10
 4.60E-10 5.49E-10 6.23E-10 6.50E-10 6.61E-10 6.53E-10 6.38E-10 6.09E-10
 1.00E-74 1.00E-74 1.00E-74 1.00E-74 2.44E-41 1.05E-30 3.07E-22 1.27E-18
 6.49E-16 8.13E-14 8.94E-13 9.63E-12 6.30E-11 1.39E-10 2.48E-10 3.79E-10
 4.60E-10 5.49E-10 6.23E-10 6.50E-10 6.61E-10 6.53E-10 6.38E-10 6.09E-10
 1.00E-74 1.00E-74 1.00E-74 1.00E-74 2.46E-41 1.05E-30 3.07E-22 1.27E-18
 6.49E-16 8.13E-14 8.94E-13 9.63E-12 6.30E-11 1.39E-10 2.48E-10 3.79E-10
 4.60E-10 5.49E-10 6.23E-10 6.50E-10 6.61E-10 6.53E-10 6.38E-10 6.09E-10
 1.00E-74 1.00E-74 1.00E-74 1.00E-74 2.45E-41 1.05E-30 3.07E-22 1.27E-18
 6.49E-16 8.13E-14 8.94E-13 9.63E-12 6.30E-11 1.39E-10 2.48E-10 3.79E-10
 4.60E-10 5.49E-10 6.23E-10 6.50E-10 6.61E-10 6.53E-10 6.38E-10 6.09E-10
 1.00E-74 1.00E-74 1.00E-74 1.00E-74 2.45E-41 1.05E-30 3.07E-22 1.27E-18
 6.49E-16 8.13E-14 8.94E-13 9.63E-12 6.30E-11 1.39E-10 2.48E-10 3.79E-10
 4.60E-10 5.49E-10 6.23E-10 6.50E-10 6.61E-10 6.53E-10 6.38E-10 6.09E-10
 1.00E-74 1.00E-74 1.00E-74 1.00E-74 2.45E-41 1.05E-30 3.07E-22 1.27E-18
 6.49E-16 8.13E-14 8.94E-13 9.63E-12 6.30E-11 1.39E-10 2.48E-10 3.79E-10
 4.60E-10 5.49E-10 6.23E-10 6.50E-10 6.61E-10 6.53E-10 6.38E-10 6.09E-10
 1.00E-74 1.00E-74 1.00E-74 1.00E-74 2.45E-41 1.05E-30 3.07E-22 1.27E-18
 6.49E-16 8.13E-14 8.94E-13 9.63E-12 6.30E-11 1.39E-10 2.48E-10 3.79E-10
 4.60E-10 5.49E-10 6.23E-10 6.50E-10 6.61E-10 6.53E-10 6.38E-10 6.09E-10
 1.00E-74 1.00E-74 1.00E-74 1.00E-74 2.45E-41 1.05E-30 3.07E-22 1.27E-18
 6.49E-16 8.13E-14 8.94E-13 9.63E-12 6.30E-11 1.39E-10 2.48E-10 3.79E-10
 4.60E-10 5.49E-10 6.23E-10 6.50E-10 6.61E-10 6.53E-10 6.38E-10 6.09E-10
 1.00E-74 1.00E-74 1.00E-74 1.00E-74 2.45E-41 1.05E-30 3.07E-22 1.27E-18
 6.49E-16 8.13E-14 8.94E-13 9.63E-12 6.30E-11 1.39E-10 2.48E-10 3.79E-10
 4.60E-10 5.49E-10 6.23E-10 6.50E-10 6.61E-10 6.53E-10 6.38E-10 6.09E-10
 1.00E-74 1.00E-74 1.00E-74 1.00E-74 2.45E-41 1.05E-30 3.07E-22 1.27E-18
 6.49E-16 8.13E-14 8.94E-13 9.63E-12 6.30E-11 1.39E-10 2.48E-10 3.79E-10
 4.60E-10 5.49E-10 6.23E-10 6.50E-10 6.61E-10 6.53E-10 6.38E-10 6.09E-10
 1.00E-74 1.00E-74 1.00E-74 1.00E-74 2.45E-41 1.05E-30 3.07E-22 1.27E-18
 6.49E-16 8.13E-14 8.94E-13 9.63E-12 6.30E-11 1.39E-10 2.48E-10 3.79E-10
 4.60E-10 5.49E-10 6.23E-10 6.50E-10 6.61E-10 6.53E-10 6.38E-10 6.09E-10
 1.00E-74 1.00E-74 1.00E-74 1.00E-74 2.45E-41 1.05E-30 3.07E-22 1.27E-18
 6.49E-16 8.12E-14 8.93E-13 9.62E-12 6.30E-11 1.39E-10 2.48E-10 3.79E-10
 4.60E-10 5.49E-10 6.22E-10 6.50E-10 6.61E-10 6.53E-10 6.38E-10 6.09E-10
 1.00E-74 1.00E-74 1.00E-74 1.00E-74 2.46E-41 1.05E-30 3.08E-22 1.27E-18
 6.49E-16 8.11E-14 8.91E-13 9.60E-12 6.27E-11 1.38E-10 2.47E-10 3.77E-10
 4.58E-10 5.47E-10 6.21E-10 6.48E-10 6.60E-10 6.52E-10 6.37E-10 6.08E-10
 1.00E-74 1.00E-74 1.00E-74 1.00E-74 2.48E-41 1.06E-30 3.08E-22 1.27E-18
 6.47E-16 8.06E-14 8.83E-13 9.48E-12 6.18E-11 1.36E-10 2.43E-10 3.72E-10
 4.52E-10 5.40E-10 6.14E-10 6.42E-10 6.54E-10 6.47E-10 6.33E-10 6.05E-10
 1.00E-74 1.00E-74 1.00E-74 1.00E-74 2.55E-41 1.08E-30 3.10E-22 1.27E-18
 6.39E-16 7.88E-14 8.58E-13 9.14E-12 5.92E-11 1.30E-10 2.32E-10 3.56E-10
 4.34E-10 5.20E-10 5.94E-10 6.23E-10 6.37E-10 6.33E-10 6.20E-10 5.95E-10
 1.00E-74 1.00E-74 1.00E-74 1.00E-74 2.76E-41 1.14E-30 3.14E-22 1.25E-18
 6.14E-16 7.34E-14 7.84E-13 8.19E-12 5.25E-11 1.15E-10 2.06E-10 3.18E-10
 3.90E-10 4.71E-10 5.45E-10 5.76E-10 5.93E-10 5.93E-10 5.84E-10 5.64E-10
 1.00E-74 1.00E-74 1.00E-74 1.00E-74 3.37E-41 1.30E-30 3.25E-22 1.22E-18
 5.65E-16 6.40E-14 6.63E-13 6.75E-12 4.27E-11 9.42E-11 1.70E-10 2.67E-10
 3.31E-10 4.07E-10 4.80E-10 5.12E-10 5.32E-10 5.37E-10 5.32E-10 5.18E-10
 1.00E-74 1.00E-74 1.00E-74 1.11E-51 5.48E-41 1.82E-30 3.69E-22 1.23E-18
 5.19E-16 5.39E-14 5.35E-13 5.23E-12 3.26E-11 7.21E-11 1.32E-10 2.11E-10
 2.67E-10 3.36E-10 4.08E-10 4.43E-10 4.68E-10 4.79E-10 4.79E-10 4.71E-10
 1.00E-74 1.00E-74 1.00E-74 2.96E-51 1.09E-40 3.12E-30 4.94E-22 1.43E-18
 5.37E-16 4.96E-14 4.57E-13 4.10E-12 2.38E-11 5.12E-11 9.22E-11 1.47E-10
 1.86E-10 2.38E-10 2.97E-10 3.30E-10 3.58E-10 3.78E-10 3.86E-10 3.93E-10
 1.00E-74 1.00E-74 1.00E-74 6.45E-51 2.33E-40 6.00E-30 7.46E-22 1.81E-18
 5.54E-16 4.04E-14 3.21E-13 2.44E-12 1.23E-11 2.51E-11 4.37E-11 6.82E-11
 8.60E-11 1.10E-10 1.40E-10 1.58E-10 1.76E-10 1.92E-10 2.02E-10 2.15E-10
 1.00E-74 1.00E-74 1.00E-74 9.15E-51 3.44E-40 8.59E-30 8.99E-22 1.81E-18
 4.24E-16 2.37E-14 1.64E-13 1.10E-12 5.11E-12 1.01E-11 1.71E-11 2.64E-11
 3.33E-11 4.25E-11 5.44E-11 6.20E-11 6.95E-11 7.71E-11 8.21E-11 8.90E-11
 1.00E-74 1.00E-74 1.00E-74 7.78E-51 3.09E-40 7.88E-30 7.30E-22 1.17E-18
 2.07E-16 9.34E-15 5.95E-14 3.75E-13 1.67E-12 3.24E-12 5.47E-12 8.39E-12
 1.05E-11 1.35E-11 1.73E-11 1.97E-11 2.22E-11 2.48E-11 2.65E-11 2.89E-11
  1025.72   24  24 /pl=01:ss= 0:pb= 1:sz= 0/type=EXCIT/ispb = t/isel =    3
 1.00E+01 1.00E+02 1.00E+03 1.00E+04 1.00E+05 1.00E+06 3.00E+06 1.00E+07
 3.00E+07 1.00E+08 3.00E+08 1.00E+09 3.00E+09 1.00E+10 3.00E+10 1.00E+11
 3.00E+11 1.00E+12 3.00E+12 1.00E+13 3.00E+13 1.00E+14 3.00E+14 1.00E+15
 4.31E-02 6.03E-02 8.62E-02 1.29E-01 1.72E-01 2.59E-01 4.31E-01 6.03E-01
 8.62E-01 1.29E+00 1.72E+00 2.59E+00 4.31E+00 6.03E+00 8.62E+00 1.29E+01
 1.72E+01 2.59E+01 4.31E+01 6.03E+01 8.62E+01 1.29E+02 1.72E+02 2.59E+02
 1.00E-74 1.00E-74 1.00E-74 1.00E-74 2.34E-39 2.58E-29 2.72E-21 7.30E-18
 2.69E-15 2.63E-13 2.56E-12 2.46E-11 1.50E-10 3.25E-10 5.74E-10 8.83E-10
 1.08E-09 1.31E-09 1.52E-09 1.61E-09 1.65E-09 1.64E-09 1.61E-09 1.55E-09
 1.00E-74 1.00E-74 1.00E-74 1.00E-74 2.11E-39 2.58E-29 2.72E-21 7.30E-18
 2.69E-15 2.63E-13 2.56E-12 2.46E-11 1.50E-10 3.25E-10 5.74E-10 8.83E-10
 1.08E-09 1.31E-09 1.52E-09 1.61E-09 1.65E-09 1.64E-09 1.61E-09 1.55E-09
 1.00E-74 1.00E-74 1.00E-74 1.00E-74 2.20E-39 2.58E-29 2.72E-21 7.30E-18
 2.69E-15 2.63E-13 2.56E-12 2.46E-11 1.50E-10 3.25E-10 5.74E-10 8.83E-10
 1.08E-09 1.31E-09 1.52E-09 1.61E-09 1.65E-09 1.64E-09 1.61E-09 1.55E-09
 1.00E-74 1.00E-74 1.00E-74 1.00E-74 2.20E-39 2.58E-29 2.72E-21 7.30E-18
 2.69E-15 2.63E-13 2.56E-12 2.46E-11 1.50E-10 3.25E-10 5.74E-10 8.83E-10
 1.08E-09 1.31E-09 1.52E-09 1.61E-09 1.65E-09 1.64E-09 1.61E-09 1.55E-09
 1.00E-74 1.00E-74 1.00E-74 1.00E-74 2.20E-39 2.58E-29 2.72E-21 7.30E-18
 2.69E-15 2.63E-13 2.56E-12 2.46E-11 1.50E-10 3.25E-10 5.74E-10 8.83E-10
 1.08E-09 1.31E-09 1.52E-09 1.61E-09 1.65E-09 1.64E-09 1.61E-09 1.55E-09
 1.00E-74 1.00E-74 1.00E-74 1.00E-74 2.20E-39 2.58E-29 2.72E-21 7.30E-18
 2.69E-15 2.63E-13 2.56E-12 2.46E-11 1.50E-10 3.25E-10 5.74E-10 8.83E-10
 1.08E-09 1.31E-09 1.52E-09 1.61E-09 1.65E-09 1.64E-09 1.61E-09 1.55E-09
 1.00E-74 1.00E-74 1.00E-74 1.00E-74 2.20E-39 2.58E-29 2.72E-21 7.30E-18
 2.69E-15 2.63E-13 2.56E-12 2.46E-11 1.50E-10 3.25E-10 5.74E-10 8.83E-10
 1.08E-09 1.31E-09 1.52E-09 1.61E-09 1.65E-09 1.64E-09 1.61E-09 1.55E-09
 1.00E-74 1.00E-74 1.00E-74 1.00E-74 2.20E-39 2.58E-29 2.72E-21 7.30E-18
 2.69E-15 2.63E-13 2.56E-12 2.46E-11 1.50E-10 3.25E-10 5.74E-10 8.83E-10
 1.08E-09 1.31E-09 1.52E-09 1.61E-09 1.65E-09 1.64E-09 1.61E-09 1.55E-09
 1.00E-74 1.00E-74 1.00E-74 1.00E-74 2.20E-39 2.58E-29 2.72E-21 7.30E-18
 2.69E-15 2.63E-13 2.56E-12 2.46E-11 1.50E-10 3.25E-10 5.74E-10 8.83E-10
 1.08E-09 1.31E-09 1.52E-09 1.61E-09 1.65E-09 1.64E-09 1.61E-09 1.55E-09
 1.00E-74 1.00E-74 1.00E-74 1.00E-74 2.20E-39 2.58E-29 2.72E-21 7.30E-18
 2.69E-15 2.63E-13 2.56E-12 2.46E-11 1.50E-10 3.25E-10 5.74E-10 8.83E-10
 1.08E-09 1.31E-09 1.52E-09 1.61E-09 1.65E-09 1.64E-09 1.61E-09 1.55E-09
 1.00E-74 1.00E-74 1.00E-74 1.00E-74 2.20E-39 2.58E-29 2.72E-21 7.30E-18
 2.69E-15 2.63E-13 2.56E-12 2.46E-11 1.50E-10 3.25E-10 5.74E-10 8.83E-10
 1.08E-09 1.31E-09 1.52E-09 1.61E-09 1.65E-09 1.64E-09 1.61E-09 1.55E-09
 1.00E-74 1.00E-74 1.00E-74 1.00E-74 2.20E-39 2.58E-29 2.72E-21 7.30E-18
 2.70E-15 2.63E-13 2.56E-12 2.46E-11 1.50E-10 3.25E-10 5.74E-10 8.83E-10
 1.08E-09 1.31E-09 1.52E-09 1.61E-09 1.65E-09 1.64E-09 1.61E-09 1.55E-09
 1.00E-74 1.00E-74 1.00E-74 1.00E-74 2.20E-39 2.58E-29 2.72E-21 7.30E-18
 2.70E-15 2.63E-13 2.56E-12 2.46E-11 1.50E-10 3.25E-10 5.75E-10 8.84E-10
 1.08E-09 1.31E-09 1.52E-09 1.61E-09 1.65E-09 1.64E-09 1.61E-09 1.55E-09
 1.00E-74 1.00E-74 1.00E-74 1.00E-74 2.20E-39 2.58E-29 2.72E-21 7.30E-18
 2.70E-15 2.63E-13 2.56E-12 2.47E-11 1.50E-10 3.25E-10 5.75E-10 8.84E-10
 1.09E-09 1.31E-09 1.52E-09 1.61E-09 1.65E-09 1.64E-09 1.61E-09 1.55E-09
 1.00E-74 1.00E-74 1.00E-74 1.00E-74 2.21E-39 2.59E-29 2.73E-21 7.31E-18
 2.70E-15 2.63E-13 2.56E-12 2.47E-11 1.50E-10 3.25E-10 5.75E-10 8.85E-10
 1.09E-09 1.31E-09 1.53E-09 1.61E-09 1.65E-09 1.64E-09 1.61E-09 1.55E-09
 1.00E-74 1.00E-74 1.00E-74 2.34E-49 2.22E-39 2.60E-29 2.74E-21 7.33E-18
 2.71E-15 2.63E-13 2.56E-12 2.47E-11 1.50E-10 3.25E-10 5.75E-10 8.86E-10
 1.09E-09 1.32E-09 1.53E-09 1.62E-09 1.66E-09 1.65E-09 1.62E-09 1.56E-09
 1.00E-74 1.00E-74 1.00E-74 1.56E-49 2.27E-39 2.65E-29 2.77E-21 7.40E-18
 2.73E-15 2.65E-13 2.57E-12 2.47E-11 1.50E-10 3.25E-10 5.76E-10 8.89E-10
 1.09E-09 1.33E-09 1.55E-09 1.64E-09 1.68E-09 1.67E-09 1.64E-09 1.58E-09
 1.00E-74 1.00E-74 1.00E-74 2.11E-49 2.44E-39 2.81E-29 2.89E-21 7.65E-18
 2.80E-15 2.69E-13 2.60E-12 2.48E-11 1.51E-10 3.28E-10 5.85E-10 9.09E-10
 1.12E-09 1.37E-09 1.61E-09 1.71E-09 1.75E-09 1.75E-09 1.71E-09 1.64E-09
 1.00E-74 1.00E-74 1.00E-74 2.42E-49 2.90E-39 3.24E-29 3.22E-21 8.35E-18
 3.01E-15 2.85E-13 2.73E-12 2.58E-11 1.56E-10 3.41E-10 6.14E-10 9.65E-10
 1.21E-09 1.49E-09 1.77E-09 1.88E-09 1.94E-09 1.94E-09 1.90E-09 1.82E-09
 1.00E-74 1.00E-74 1.00E-74 3.81E-49 4.42E-39 4.69E-29 4.27E-21 1.06E-17
 3.66E-15 3.32E-13 3.07E-12 2.80E-11 1.65E-10 3.58E-10 6.43E-10 1.02E-09
 1.28E-09 1.61E-09 1.95E-09 2.12E-09 2.22E-09 2.25E-09 2.22E-09 2.15E-09
 1.00E-74 1.00E-74 1.00E-74 7.18E-49 8.15E-39 8.23E-29 6.69E-21 1.53E-17
 4.83E-15 3.92E-13 3.36E-12 2.76E-11 1.48E-10 3.06E-10 5.31E-10 8.25E-10
 1.04E-09 1.31E-09 1.63E-09 1.80E-09 1.94E-09 2.04E-09 2.08E-09 2.09E-09
 1.00E-74 1.00E-74 1.00E-74 1.42E-48 1.64E-38 1.60E-28 1.12E-20 2.21E-17
 5.75E-15 3.65E-13 2.67E-12 1.84E-11 8.44E-11 1.63E-10 2.70E-10 4.08E-10
 5.08E-10 6.39E-10 8.07E-10 9.11E-10 1.01E-09 1.10E-09 1.15E-09 1.22E-09
 1.00E-74 1.00E-74 1.00E-74 1.97E-48 2.36E-38 2.30E-28 1.40E-20 2.31E-17
 4.63E-15 2.24E-13 1.43E-12 8.63E-12 3.60E-11 6.70E-11 1.08E-10 1.61E-10
 2.00E-10 2.51E-10 3.18E-10 3.62E-10 4.05E-10 4.48E-10 4.76E-10 5.13E-10
 1.00E-74 1.00E-74 1.00E-74 1.65E-48 2.09E-38 2.11E-28 1.16E-20 1.53E-17
 2.30E-15 9.00E-14 5.26E-13 2.97E-12 1.19E-11 2.17E-11 3.48E-11 5.15E-11
 6.37E-11 8.00E-11 1.02E-10 1.16E-10 1.30E-10 1.45E-10 1.54E-10 1.68E-10
  1215.67   24  24 /pl=01:ss= 0:pb= 1:sz= 0/type=EXCIT/ispb = t/isel =    4
 1.00E+01 1.00E+02 1.00E+03 1.00E+04 1.00E+05 1.00E+06 3.00E+06 1.00E+07
 3.00E+07 1.00E+08 3.00E+08 1.00E+09 3.00E+09 1.00E+10 3.00E+10 1.00E+11
 3.00E+11 1.00E+12 3.00E+12 1.00E+13 3.00E+13 1.00E+14 3.00E+14 1.00E+15
 4.31E-02 6.03E-02 8.62E-02 1.29E-01 1.72E-01 2.59E-01 4.31E-01 6.03E-01
 8.62E-01 1.29E+00 1.72E+00 2.59E+00 4.31E+00 6.03E+00 8.62E+00 1.29E+01
 1.72E+01 2.59E+01 4.31E+01 6.03E+01 8.62E+01 1.29E+02 1.72E+02 2.59E+02
 1.00E-74 1.00E-74 1.00E-74 1.00E-74 1.33E-33 3.99E-25 2.19E-18 1.69E-15
 2.54E-13 1.26E-11 8.80E-11 6.16E-10 2.99E-09 6.00E-09 1.02E-08 1.57E-08
 1.95E-08 2.40E-08 2.89E-08 3.12E-08 3.26E-08 3.31E-08 3.28E-08 3.20E-08
 1.00E-74 1.00E-74 1.00E-74 1.00E-74 1.33E-33 3.99E-25 2.19E-18 1.69E-15
 2.54E-13 1.26E-11 8.80E-11 6.16E-10 2.99E-09 6.00E-09 1.02E-08 1.57E-08
 1.95E-08 2.40E-08 2.89E-08 3.12E-08 3.26E-08 3.31E-08 3.28E-08 3.20E-08
 1.00E-74 1.00E-74 1.00E-74 1.00E-74 1.33E-33 3.99E-25 2.19E-18 1.69E-15
 2.54E-13 1.26E-11 8.80E-11 6.16E-10 2.99E-09 6.00E-09 1.02E-08 1.57E-08
 1.95E-08 2.40E-08 2.89E-08 3.12E-08 3.26E-08 3.31E-08 3.28E-08 3.20E-08
 1.00E-74 1.00E-74 1.00E-74 4.82E-42 1.33E-33 3.99E-25 2.19E-18 1.69E-15
 2.54E-13 1.26E-11 8.80E-11 6.16E-10 2.99E-09 6.00E-09 1.02E-08 1.57E-08
 1.95E-08 2.40E-08 2.89E-08 3.12E-08 3.26E-08 3.31E-08 3.28E-08 3.20E-08
 1.00E-74 1.00E-74 1.00E-74 4.10E-42 1.33E-33 3.99E-25 2.19E-18 1.69E-15
 2.54E-13 1.26E-11 8.80E-11 6.16E-10 2.99E-09 6.00E-09 1.02E-08 1.57E-08
 1.95E-08 2.40E-08 2.89E-08 3.12E-08 3.26E-08 3.31E-08 3.28E-08 3.20E-08
 1.00E-74 1.00E-74 1.00E-74 4.15E-42 1.33E-33 3.99E-25 2.19E-18 1.69E-15
 2.54E-13 1.26E-11 8.80E-11 6.16E-10 2.99E-09 6.00E-09 1.02E-08 1.57E-08
 1.95E-08 2.40E-08 2.89E-08 3.12E-08 3.26E-08 3.31E-08 3.28E-08 3.20E-08
 1.00E-74 1.00E-74 1.00E-74 4.14E-42 1.33E-33 3.99E-25 2.19E-18 1.69E-15
 2.54E-13 1.26E-11 8.80E-11 6.16E-10 2.99E-09 6.00E-09 1.02E-08 1.57E-08
 1.95E-08 2.40E-08 2.89E-08 3.12E-08 3.26E-08 3.31E-08 3.28E-08 3.20E-08
 1.00E-74 1.00E-74 1.00E-74 4.14E-42 1.33E-33 3.99E-25 2.19E-18 1.69E-15
 2.54E-13 1.26E-11 8.80E-11 6.16E-10 2.99E-09 6.00E-09 1.02E-08 1.57E-08
 1.95E-08 2.40E-08 2.89E-08 3.12E-08 3.26E-08 3.31E-08 3.28E-08 3.20E-08
 1.00E-74 1.00E-74 1.00E-74 4.14E-42 1.33E-33 3.99E-25 2.19E-18 1.69E-15
 2.54E-13 1.26E-11 8.80E-11 6.16E-10 2.99E-09 6.00E-09 1.02E-08 1.57E-08
 1.95E-08 2.40E-08 2.89E-08 3.12E-08 3.26E-08 3.31E-08 3.28E-08 3.20E-08
 1.00E-74 1.00E-74 1.00E-74 4.14E-42 1.33E-33 3.99E-25 2.19E-18 1.69E-15
 2.54E-13 1.26E-11 8.80E-11 6.16E-10 2.99E-09 6.00E-09 1.02E-08 1.57E-08
 1.95E-08 2.40E-08 2.89E-08 3.12E-08 3.26E-08 3.31E-08 3.28E-08 3.20E-08
 1.00E-74 1.00E-74 1.00E-74 4.14E-42 1.33E-33 3.99E-25 2.19E-18 1.69E-15
 2.54E-13 1.26E-11 8.80E-11 6.16E-10 2.99E-09 6.00E-09 1.02E-08 1.57E-08
 1.95E-08 2.40E-08 2.89E-08 3.12E-08 3.26E-08 3.31E-08 3.28E-08 3.20E-08
 1.00E-74 1.00E-74 1.00E-74 4.14E-42 1.33E-33 3.99E-25 2.19E-18 1.69E-15
 2.54E-13 1.26E-11 8.80E-11 6.16E-10 2.99E-09 6.00E-09 1.02E-08 1.57E-08
 1.95E-08 2.40E-08 2.89E-08 3.12E-08 3.26E-08 3.31E-08 3.28E-08 3.20E-08
 1.00E-74 1.00E-74 1.00E-74 4.14E-42 1.33E-33 3.99E-25 2.19E-18 1.69E-15
 2.54E-13 1.26E-11 8.80E-11 6.16E-10 2.99E-09 5.99E-09 1.02E-08 1.57E-08
 1.95E-08 2.40E-08 2.89E-08 3.12E-08 3.26E-08 3.31E-08 3.28E-08 3.20E-08
 1.00E-74 1.00E-74 1.00E-74 4.14E-42 1.33E-33 3.99E-25 2.19E-18 1.69E-15
 2.54E-13 1.26E-11 8.80E-11 6.16E-10 2.99E-09 5.99E-09 1.02E-08 1.57E-08
 1.95E-08 2.40E-08 2.89E-08 3.12E-08 3.26E-08 3.31E-08 3.28E-08 3.20E-08
 1.00E-74 1.00E-74 1.00E-74 4.14E-42 1.33E-33 3.99E-25 2.19E-18 1.69E-15
 2.54E-13 1.26E-11 8.80E-11 6.16E-10 2.99E-09 5.99E-09 1.02E-08 1.57E-08
 1.95E-08 2.40E-08 2.88E-08 3.11E-08 3.26E-08 3.31E-08 3.28E-08 3.20E-08
 1.00E-74 1.00E-74 1.00E-74 4.14E-42 1.33E-33 3.99E-25 2.19E-18 1.69E-15
 2.54E-13 1.26E-11 8.79E-11 6.15E-10 2.98E-09 5.97E-09 1.02E-08 1.56E-08
 1.94E-08 2.39E-08 2.87E-08 3.11E-08 3.25E-08 3.30E-08 3.27E-08 3.19E-08
 1.00E-74 1.00E-74 1.00E-74 4.13E-42 1.33E-33 3.99E-25 2.19E-18 1.69E-15
 2.54E-13 1.26E-11 8.77E-11 6.12E-10 2.96E-09 5.92E-09 1.01E-08 1.54E-08
 1.92E-08 2.37E-08 2.85E-08 3.08E-08 3.22E-08 3.27E-08 3.25E-08 3.17E-08
 1.00E-74 1.00E-74 1.00E-74 4.13E-42 1.33E-33 3.99E-25 2.19E-18 1.69E-15
 2.53E-13 1.25E-11 8.69E-11 6.04E-10 2.90E-09 5.78E-09 9.82E-09 1.50E-08
 1.86E-08 2.30E-08 2.77E-08 2.99E-08 3.14E-08 3.19E-08 3.18E-08 3.11E-08
 1.00E-74 1.00E-74 1.00E-74 4.12E-42 1.32E-33 3.98E-25 2.19E-18 1.68E-15
 2.52E-13 1.23E-11 8.53E-11 5.85E-10 2.76E-09 5.46E-09 9.20E-09 1.40E-08
 1.73E-08 2.13E-08 2.57E-08 2.79E-08 2.94E-08 3.00E-08 3.00E-08 2.95E-08
 1.00E-74 1.00E-74 1.00E-74 4.09E-42 1.31E-33 3.96E-25 2.17E-18 1.67E-15
 2.48E-13 1.19E-11 8.02E-11 5.30E-10 2.39E-09 4.57E-09 7.52E-09 1.12E-08
 1.38E-08 1.69E-08 2.04E-08 2.23E-08 2.37E-08 2.46E-08 2.48E-08 2.48E-08
 1.00E-74 1.00E-74 1.00E-74 4.00E-42 1.29E-33 3.90E-25 2.14E-18 1.63E-15
 2.35E-13 1.06E-11 6.80E-11 4.13E-10 1.68E-09 3.04E-09 4.77E-09 6.85E-09
 8.29E-09 1.01E-08 1.22E-08 1.35E-08 1.46E-08 1.55E-08 1.59E-08 1.64E-08
 1.00E-74 1.00E-74 1.00E-74 3.72E-42 1.21E-33 3.70E-25 2.03E-18 1.50E-15
 1.97E-13 7.56E-12 4.29E-11 2.25E-10 7.94E-10 1.35E-09 2.01E-09 2.79E-09
 3.32E-09 3.99E-09 4.83E-09 5.36E-09 5.85E-09 6.33E-09 6.62E-09 7.00E-09
 1.00E-74 1.00E-74 1.00E-74 3.10E-42 1.03E-33 3.22E-25 1.77E-18 1.19E-15
 1.31E-13 4.06E-12 2.05E-11 9.63E-11 3.13E-10 5.13E-10 7.48E-10 1.02E-09
 1.21E-09 1.44E-09 1.74E-09 1.94E-09 2.12E-09 2.31E-09 2.43E-09 2.59E-09
 1.00E-74 1.00E-74 1.00E-74 1.96E-42 6.74E-34 2.22E-25 1.20E-18 6.93E-16
 5.97E-14 1.54E-12 7.23E-12 3.20E-11 9.99E-11 1.61E-10 2.33E-10 3.17E-10
 3.74E-10 4.45E-10 5.38E-10 5.97E-10 6.54E-10 7.12E-10 7.50E-10 8.02E-10
  4341.67   24  24 /pl=01:ss= 0:pb= 1:sz= 0/type=EXCIT/ispb = t/isel =    5
 1.00E+01 1.00E+02 1.00E+03 1.00E+04 1.00E+05 1.00E+06 3.00E+06 1.00E+07
 3.00E+07 1.00E+08 3.00E+08 1.00E+09 3.00E+09 1.00E+10 3.00E+10 1.00E+11
 3.00E+11 1.00E+12 3.00E+12 1.00E+13 3.00E+13 1.00E+14 3.00E+14 1.00E+15
 4.31E-02 6.03E-02 8.62E-02 1.29E-01 1.72E-01 2.59E-01 4.31E-01 6.03E-01
 8.62E-01 1.29E+00 1.72E+00 2.59E+00 4.31E+00 6.03E+00 8.62E+00 1.29E+01
 1.72E+01 2.59E+01 4.31E+01 6.03E+01 8.62E+01 1.29E+02 1.72E+02 2.59E+02
 1.00E-74 1.00E-74 1.00E-74 1.00E-74 1.00E-74 1.67E-31 7.57E-23 3.77E-19
 2.21E-16 2.99E-14 3.34E-13 3.57E-12 2.29E-11 4.95E-11 8.62E-11 1.29E-10
 1.56E-10 1.84E-10 2.06E-10 2.13E-10 2.15E-10 2.11E-10 2.06E-10 1.96E-10
 1.00E-74 1.00E-74 1.00E-74 1.00E-74 1.00E-74 1.67E-31 7.57E-23 3.77E-19
 2.21E-16 2.99E-14 3.34E-13 3.57E-12 2.29E-11 4.95E-11 8.62E-11 1.29E-10
 1.56E-10 1.84E-10 2.06E-10 2.13E-10 2.15E-10 2.11E-10 2.06E-10 1.96E-10
 1.00E-74 1.00E-74 1.00E-74 1.00E-74 3.55E-42 1.67E-31 7.57E-23 3.77E-19
 2.21E-16 2.99E-14 3.34E-13 3.57E-12 2.29E-11 4.95E-11 8.62E-11 1.29E-10
 1.56E-10 1.84E-10 2.06E-10 2.13E-10 2.15E-10 2.11E-10 2.06E-10 1.96E-10
 1.00E-74 1.00E-74 1.00E-74 1.00E-74 2.13E-42 1.67E-31 7.57E-23 3.77E-19
 2.21E-16 2.99E-14 3.34E-13 3.57E-12 2.29E-11 4.95E-11 8.62E-11 1.29E-10
 1.56E-10 1.84E-10 2.06E-10 2.13E-10 2.15E-10 2.11E-10 2.06E-10 1.96E-10
 1.00E-74 1.00E-74 1.00E-74 1.00E-74 2.20E-42 1.67E-31 7.57E-23 3.77E-19
 2.21E-16 2.99E-14 3.34E-13 3.57E-12 2.29E-11 4.95E-11 8.62E-11 1.29E-10
 1.56E-10 1.84E-10 2.06E-10 2.13E-10 2.15E-10 2.11E-10 2.06E-10 1.96E-10
 1.00E-74 1.00E-74 1.00E-74 1.00E-74 2.21E-42 1.67E-31 7.57E-23 3.77E-19
 2.21E-16 2.99E-14 3.34E-13 3.57E-12 2.29E-11 4.95E-11 8.62E-11 1.29E-10
 1.56E-10 1.84E-10 2.06E-10 2.13E-10 2.15E-10 2.11E-10 2.06E-10 1.96E-10
 1.00E-74 1.00E-74 1.00E-74 1.00E-74 2.21E-42 1.67E-31 7.57E-23 3.77E-19
 2.21E-16 2.99E-14 3.34E-13 3.57E-12 2.29E-11 4.95E-11 8.62E-11 1.29E-10
 1.56E-10 1.84E-10 2.06E-10 2.13E-10 2.15E-10 2.11E-10 2.06E-10 1.96E-10
 1.00E-74 1.00E-74 1.00E-74 1.00E-74 2.21E-42 1.67E-31 7.57E-23 3.77E-19
 2.21E-16 2.99E-14 3.34E-13 3.57E-12 2.29E-11 4.95E-11 8.62E-11 1.29E-10
 1.56E-10 1.84E-10 2.06E-10 2.13E-10 2.15E-10 2.11E-10 2.06E-10 1.96E-10
 1.00E-74 1.00E-74 1.00E-74 1.00E-74 2.21E-42 1.67E-31 7.57E-23 3.77E-19
 2.21E-16 2.99E-14 3.34E-13 3.57E-12 2.29E-11 4.95E-11 8.62E-11 1.29E-10
 1.56E-10 1.84E-10 2.06E-10 2.13E-10 2.15E-10 2.11E-10 2.06E-10 1.96E-10
 1.00E-74 1.00E-74 1.00E-74 1.00E-74 2.21E-42 1.67E-31 7.57E-23 3.77E-19
 2.21E-16 2.99E-14 3.34E-13 3.57E-12 2.29E-11 4.95E-11 8.62E-11 1.29E-10
 1.56E-10 1.84E-10 2.06E-10 2.13E-10 2.15E-10 2.11E-10 2.06E-10 1.96E-10
 1.00E-74 1.00E-74 1.00E-74 1.00E-74 2.21E-42 1.67E-31 7.57E-23 3.77E-19
 2.21E-16 2.98E-14 3.34E-13 3.57E-12 2.29E-11 4.95E-11 8.62E-11 1.29E-10
 1.56E-10 1.84E-10 2.06E-10 2.13E-10 2.15E-10 2.11E-10 2.06E-10 1.96E-10
 1.00E-74 1.00E-74 1.00E-74 1.00E-74 2.21E-42 1.67E-31 7.57E-23 3.77E-19
 2.21E-16 2.98E-14 3.33E-13 3.57E-12 2.28E-11 4.94E-11 8.61E-11 1.29E-10
 1.56E-10 1.84E-10 2.05E-10 2.13E-10 2.15E-10 2.11E-10 2.06E-10 1.96E-10
 1.00E-74 1.00E-74 1.00E-74 1.00E-74 2.21E-42 1.66E-31 7.57E-23 3.77E-19
 2.20E-16 2.98E-14 3.33E-13 3.56E-12 2.27E-11 4.92E-11 8.57E-11 1.28E-10
 1.55E-10 1.83E-10 2.05E-10 2.12E-10 2.14E-10 2.10E-10 2.05E-10 1.96E-10
 1.00E-74 1.00E-74 1.00E-74 1.00E-74 2.21E-42 1.66E-31 7.55E-23 3.75E-19
 2.19E-16 2.96E-14 3.30E-13 3.52E-12 2.25E-11 4.86E-11 8.46E-11 1.27E-10
 1.53E-10 1.81E-10 2.02E-10 2.09E-10 2.12E-10 2.08E-10 2.03E-10 1.94E-10
 1.00E-74 1.00E-74 1.00E-74 1.00E-74 2.21E-42 1.66E-31 7.49E-23 3.71E-19
 2.16E-16 2.90E-14 3.23E-13 3.43E-12 2.18E-11 4.70E-11 8.17E-11 1.22E-10
 1.47E-10 1.74E-10 1.95E-10 2.03E-10 2.06E-10 2.03E-10 1.98E-10 1.90E-10
 1.00E-74 1.00E-74 1.00E-74 1.00E-74 2.20E-42 1.64E-31 7.32E-23 3.59E-19
 2.06E-16 2.73E-14 3.00E-13 3.15E-12 1.97E-11 4.23E-11 7.33E-11 1.09E-10
 1.32E-10 1.56E-10 1.76E-10 1.84E-10 1.88E-10 1.87E-10 1.84E-10 1.78E-10
 1.00E-74 1.00E-74 1.00E-74 1.00E-74 2.20E-42 1.61E-31 6.91E-23 3.30E-19
 1.84E-16 2.36E-14 2.55E-13 2.61E-12 1.60E-11 3.40E-11 5.85E-11 8.71E-11
 1.05E-10 1.25E-10 1.43E-10 1.50E-10 1.55E-10 1.57E-10 1.56E-10 1.53E-10
 1.00E-74 1.00E-74 1.00E-74 1.00E-74 2.26E-42 1.55E-31 6.07E-23 2.72E-19
 1.44E-16 1.75E-14 1.83E-13 1.81E-12 1.08E-11 2.28E-11 3.92E-11 5.83E-11
 7.04E-11 8.41E-11 9.74E-11 1.04E-10 1.09E-10 1.12E-10 1.13E-10 1.13E-10
 1.00E-74 1.00E-74 1.00E-74 1.00E-74 2.58E-42 1.59E-31 5.29E-23 2.17E-19
 1.07E-16 1.23E-14 1.25E-13 1.20E-12 7.10E-12 1.50E-11 2.58E-11 3.89E-11
 4.73E-11 5.69E-11 6.68E-11 7.19E-11 7.58E-11 7.84E-11 7.93E-11 8.00E-11
 1.00E-74 1.00E-74 1.00E-74 1.00E-74 3.99E-42 2.06E-31 5.25E-23 1.88E-19
 8.46E-17 9.00E-15 8.73E-14 8.10E-13 4.70E-12 9.95E-12 1.73E-11 2.65E-11
 3.27E-11 4.00E-11 4.80E-11 5.23E-11 5.57E-11 5.79E-11 5.88E-11 5.94E-11
 1.00E-74 1.00E-74 1.00E-74 1.18E-52 7.79E-42 3.41E-31 6.64E-23 2.05E-19
 8.23E-17 7.80E-15 7.02E-14 5.98E-13 3.23E-12 6.64E-12 1.14E-11 1.73E-11
 2.14E-11 2.65E-11 3.26E-11 3.62E-11 3.94E-11 4.21E-11 4.35E-11 4.51E-11
 1.00E-74 1.00E-74 1.00E-74 2.84E-52 1.65E-41 6.46E-31 9.81E-23 2.53E-19
 8.28E-17 6.19E-15 4.80E-14 3.47E-13 1.63E-12 3.18E-12 5.26E-12 7.83E-12
 9.63E-12 1.19E-11 1.49E-11 1.69E-11 1.88E-11 2.07E-11 2.20E-11 2.37E-11
 1.00E-74 1.00E-74 1.00E-74 3.90E-52 2.43E-41 9.21E-31 1.17E-22 2.50E-19
 6.29E-17 3.60E-15 2.44E-14 1.55E-13 6.71E-13 1.26E-12 2.05E-12 3.01E-12
 3.70E-12 4.58E-12 5.75E-12 6.55E-12 7.36E-12 8.23E-12 8.83E-12 9.72E-12
 1.00E-74 1.00E-74 1.00E-74 3.30E-52 2.18E-41 8.44E-31 9.52E-23 1.62E-19
 3.06E-17 1.42E-15 8.82E-15 5.26E-14 2.18E-13 4.06E-13 6.51E-13 9.54E-13
 1.17E-12 1.45E-12 1.82E-12 2.08E-12 2.34E-12 2.63E-12 2.84E-12 3.15E-12
  4862.65   24  24 /pl=01:ss= 0:pb= 1:sz= 0/type=EXCIT/ispb = t/isel =    6
 1.00E+01 1.00E+02 1.00E+03 1.00E+04 1.00E+05 1.00E+06 3.00E+06 1.00E+07
 3.00E+07 1.00E+08 3.00E+08 1.00E+09 3.00E+09 1.00E+10 3.00E+10 1.00E+11
 3.00E+11 1.00E+12 3.00E+12 1.00E+13 3.00E+13 1.00E+14 3.00E+14 1.00E+15
 4.31E-02 6.03E-02 8.62E-02 1.29E-01 1.72E-01 2.59E-01 4.31E-01 6.03E-01
 8.62E-01 1.29E+00 1.72E+00 2.59E+00 4.31E+00 6.03E+00 8.62E+00 1.29E+01
 1.72E+01 2.59E+01 4.31E+01 6.03E+01 8.62E+01 1.29E+02 1.72E+02 2.59E+02
 1.00E-74 1.00E-74 1.00E-74 1.00E-74 1.00E-74 1.11E-30 3.26E-22 1.35E-18
 6.88E-16 8.62E-14 9.48E-13 1.02E-11 6.69E-11 1.47E-10 2.63E-10 4.02E-10
 4.88E-10 5.82E-10 6.61E-10 6.90E-10 7.01E-10 6.93E-10 6.77E-10 6.46E-10
 1.00E-74 1.00E-74 1.00E-74 1.00E-74 1.00E-74 1.11E-30 3.26E-22 1.35E-18
 6.88E-16 8.62E-14 9.48E-13 1.02E-11 6.69E-11 1.47E-10 2.63E-10 4.02E-10
 4.88E-10 5.82E-10 6.61E-10 6.90E-10 7.01E-10 6.93E-10 6.77E-10 6.46E-10
 1.00E-74 1.00E-74 1.00E-74 1.00E-74 2.36E-41 1.11E-30 3.26E-22 1.35E-18
 6.88E-16 8.62E-14 9.48E-13 1.02E-11 6.69E-11 1.47E-10 2.63E-10 4.02E-10
 4.88E-10 5.82E-10 6.61E-10 6.90E-10 7.01E-10 6.93E-10 6.77E-10 6.46E-10
 1.00E-74 1.00E-74 1.00E-74 1.00E-74 2.59E-41 1.11E-30 3.26E-22 1.35E-18
 6.88E-16 8.62E-14 9.48E-13 1.02E-11 6.69E-11 1.47E-10 2.63E-10 4.02E-10
 4.88E-10 5.82E-10 6.61E-10 6.90E-10 7.01E-10 6.93E-10 6.77E-10 6.46E-10
 1.00E-74 1.00E-74 1.00E-74 1.00E-74 2.60E-41 1.11E-30 3.26E-22 1.35E-18
 6.88E-16 8.62E-14 9.48E-13 1.02E-11 6.69E-11 1.47E-10 2.63E-10 4.02E-10
 4.88E-10 5.82E-10 6.61E-10 6.90E-10 7.01E-10 6.93E-10 6.77E-10 6.46E-10
 1.00E-74 1.00E-74 1.00E-74 1.00E-74 2.60E-41 1.11E-30 3.26E-22 1.35E-18
 6.88E-16 8.62E-14 9.48E-13 1.02E-11 6.69E-11 1.47E-10 2.63E-10 4.02E-10
 4.88E-10 5.82E-10 6.61E-10 6.90E-10 7.01E-10 6.93E-10 6.77E-10 6.46E-10
 1.00E-74 1.00E-74 1.00E-74 1.00E-74 2.60E-41 1.11E-30 3.26E-22 1.35E-18
 6.88E-16 8.62E-14 9.48E-13 1.02E-11 6.69E-11 1.47E-10 2.63E-10 4.02E-10
 4.88E-10 5.82E-10 6.61E-10 6.90E-10 7.01E-10 6.93E-10 6.77E-10 6.46E-10
 1.00E-74 1.00E-74 1.00E-74 1.00E-74 2.60E-41 1.11E-30 3.26E-22 1.35E-18
 6.88E-16 8.62E-14 9.48E-13 1.02E-11 6.69E-11 1.47E-10 2.63E-10 4.02E-10
 4.88E-10 5.82E-10 6.61E-10 6.90E-10 7.01E-10 6.93E-10 6.77E-10 6.46E-10
 1.00E-74 1.00E-74 1.00E-74 1.00E-74 2.60E-41 1.11E-30 3.26E-22 1.35E-18
 6.88E-16 8.62E-14 9.48E-13 1.02E-11 6.69E-11 1.47E-10 2.63E-10 4.02E-10
 4.88E-10 5.82E-10 6.61E-10 6.90E-10 7.01E-10 6.93E-10 6.77E-10 6.46E-10
 1.00E-74 1.00E-74 1.00E-74 1.00E-74 2.60E-41 1.11E-30 3.26E-22 1.35E-18
 6.88E-16 8.62E-14 9.48E-13 1.02E-11 6.69E-11 1.47E-10 2.63E-10 4.02E-10
 4.88E-10 5.82E-10 6.61E-10 6.90E-10 7.01E-10 6.93E-10 6.77E-10 6.46E-10
 1.00E-74 1.00E-74 1.00E-74 1.00E-74 2.60E-41 1.11E-30 3.26E-22 1.35E-18
 6.88E-16 8.62E-14 9.48E-13 1.02E-11 6.68E-11 1.47E-10 2.63E-10 4.02E-10
 4.88E-10 5.82E-10 6.61E-10 6.90E-10 7.01E-10 6.93E-10 6.77E-10 6.46E-10
 1.00E-74 1.00E-74 1.00E-74 1.00E-74 2.60E-41 1.11E-30 3.26E-22 1.35E-18
 6.88E-16 8.62E-14 9.48E-13 1.02E-11 6.68E-11 1.47E-10 2.63E-10 4.02E-10
 4.88E-10 5.82E-10 6.61E-10 6.90E-10 7.01E-10 6.93E-10 6.77E-10 6.46E-10
 1.00E-74 1.00E-74 1.00E-74 1.00E-74 2.60E-41 1.11E-30 3.26E-22 1.35E-18
 6.88E-16 8.62E-14 9.48E-13 1.02E-11 6.68E-11 1.47E-10 2.63E-10 4.02E-10
 4.88E-10 5.82E-10 6.60E-10 6.89E-10 7.01E-10 6.93E-10 6.77E-10 6.46E-10
 1.00E-74 1.00E-74 1.00E-74 1.00E-74 2.60E-41 1.11E-30 3.26E-22 1.35E-18
 6.88E-16 8.62E-14 9.47E-13 1.02E-11 6.68E-11 1.47E-10 2.62E-10 4.02E-10
 4.88E-10 5.82E-10 6.60E-10 6.89E-10 7.01E-10 6.92E-10 6.76E-10 6.46E-10
 1.00E-74 1.00E-74 1.00E-74 1.00E-74 2.61E-41 1.12E-30 3.26E-22 1.35E-18
 6.88E-16 8.60E-14 9.45E-13 1.02E-11 6.65E-11 1.47E-10 2.62E-10 4.00E-10
 4.86E-10 5.80E-10 6.59E-10 6.88E-10 7.00E-10 6.91E-10 6.75E-10 6.45E-10
 1.00E-74 1.00E-74 1.00E-74 1.00E-74 2.63E-41 1.12E-30 3.27E-22 1.35E-18
 6.86E-16 8.55E-14 9.37E-13 1.01E-11 6.56E-11 1.45E-10 2.58E-10 3.94E-10
 4.79E-10 5.73E-10 6.51E-10 6.81E-10 6.94E-10 6.87E-10 6.71E-10 6.42E-10
 1.00E-74 1.00E-74 1.00E-74 1.00E-74 2.70E-41 1.14E-30 3.29E-22 1.34E-18
 6.78E-16 8.36E-14 9.10E-13 9.69E-12 6.28E-11 1.38E-10 2.46E-10 3.78E-10
 4.60E-10 5.51E-10 6.30E-10 6.61E-10 6.76E-10 6.71E-10 6.58E-10 6.31E-10
 1.00E-74 1.00E-74 1.00E-74 1.00E-74 2.93E-41 1.21E-30 3.33E-22 1.33E-18
 6.51E-16 7.78E-14 8.31E-13 8.69E-12 5.56E-11 1.22E-10 2.19E-10 3.38E-10
 4.14E-10 5.00E-10 5.78E-10 6.11E-10 6.29E-10 6.29E-10 6.19E-10 5.98E-10
 1.00E-74 1.00E-74 1.00E-74 1.00E-74 3.58E-41 1.38E-30 3.45E-22 1.29E-18
 5.99E-16 6.78E-14 7.04E-13 7.16E-12 4.53E-11 9.99E-11 1.81E-10 2.83E-10
 3.51E-10 4.31E-10 5.09E-10 5.43E-10 5.64E-10 5.70E-10 5.64E-10 5.49E-10
 1.00E-74 1.00E-74 1.00E-74 1.18E-51 5.82E-41 1.93E-30 3.91E-22 1.31E-18
 5.50E-16 5.72E-14 5.67E-13 5.55E-12 3.45E-11 7.65E-11 1.40E-10 2.24E-10
 2.83E-10 3.56E-10 4.33E-10 4.70E-10 4.96E-10 5.08E-10 5.08E-10 4.99E-10
 1.00E-74 1.00E-74 1.00E-74 3.14E-51 1.16E-40 3.31E-30 5.24E-22 1.52E-18
 5.70E-16 5.26E-14 4.85E-13 4.35E-12 2.52E-11 5.43E-11 9.78E-11 1.56E-10
 1.98E-10 2.52E-10 3.15E-10 3.50E-10 3.79E-10 4.01E-10 4.10E-10 4.16E-10
 1.00E-74 1.00E-74 1.00E-74 6.84E-51 2.47E-40 6.36E-30 7.91E-22 1.92E-18
 5.87E-16 4.28E-14 3.40E-13 2.59E-12 1.31E-11 2.67E-11 4.63E-11 7.23E-11
 9.13E-11 1.17E-10 1.48E-10 1.68E-10 1.86E-10 2.04E-10 2.14E-10 2.28E-10
 1.00E-74 1.00E-74 1.00E-74 9.70E-51 3.65E-40 9.11E-30 9.53E-22 1.91E-18
 4.50E-16 2.51E-14 1.74E-13 1.17E-12 5.42E-12 1.07E-11 1.82E-11 2.81E-11
 3.53E-11 4.51E-11 5.77E-11 6.58E-11 7.37E-11 8.18E-11 8.71E-11 9.43E-11
 1.00E-74 1.00E-74 1.00E-74 8.25E-51 3.28E-40 8.35E-30 7.75E-22 1.24E-18
 2.20E-16 9.91E-15 6.31E-14 3.97E-13 1.77E-12 3.44E-12 5.80E-12 8.90E-12
 1.12E-11 1.43E-11 1.83E-11 2.09E-11 2.36E-11 2.63E-11 2.81E-11 3.07E-11
  6564.57   24  24 /pl=01:ss= 0:pb= 1:sz= 0/type=EXCIT/ispb = t/isel =    7
 1.00E+01 1.00E+02 1.00E+03 1.00E+04 1.00E+05 1.00E+06 3.00E+06 1.00E+07
 3.00E+07 1.00E+08 3.00E+08 1.00E+09 3.00E+09 1.00E+10 3.00E+10 1.00E+11
 3.00E+11 1.00E+12 3.00E+12 1.00E+13 3.00E+13 1.00E+14 3.00E+14 1.00E+15
 4.31E-02 6.03E-02 8.62E-02 1.29E-01 1.72E-01 2.59E-01 4.31E-01 6.03E-01
 8.62E-01 1.29E+00 1.72E+00 2.59E+00 4.31E+00 6.03E+00 8.62E+00 1.29E+01
 1.72E+01 2.59E+01 4.31E+01 6.03E+01 8.62E+01 1.29E+02 1.72E+02 2.59E+02
 1.00E-74 1.00E-74 1.00E-74 1.00E-74 6.18E-39 6.82E-29 7.19E-21 1.93E-17
 7.12E-15 6.94E-13 6.76E-12 6.51E-11 3.97E-10 8.58E-10 1.52E-09 2.33E-09
 2.86E-09 3.46E-09 4.02E-09 4.24E-09 4.35E-09 4.33E-09 4.25E-09 4.09E-09
 1.00E-74 1.00E-74 1.00E-74 1.00E-74 5.56E-39 6.82E-29 7.19E-21 1.93E-17
 7.12E-15 6.94E-13 6.76E-12 6.51E-11 3.97E-10 8.58E-10 1.52E-09 2.33E-09
 2.86E-09 3.46E-09 4.02E-09 4.24E-09 4.35E-09 4.33E-09 4.25E-09 4.09E-09
 1.00E-74 1.00E-74 1.00E-74 1.00E-74 5.81E-39 6.82E-29 7.19E-21 1.93E-17
 7.12E-15 6.94E-13 6.76E-12 6.51E-11 3.97E-10 8.58E-10 1.52E-09 2.33E-09
 2.86E-09 3.46E-09 4.02E-09 4.24E-09 4.35E-09 4.33E-09 4.25E-09 4.09E-09
 1.00E-74 1.00E-74 1.00E-74 1.00E-74 5.82E-39 6.82E-29 7.19E-21 1.93E-17
 7.12E-15 6.94E-13 6.76E-12 6.51E-11 3.97E-10 8.58E-10 1.52E-09 2.33E-09
 2.86E-09 3.46E-09 4.02E-09 4.24E-09 4.35E-09 4.33E-09 4.25E-09 4.09E-09
 1.00E-74 1.00E-74 1.00E-74 1.00E-74 5.81E-39 6.82E-29 7.19E-21 1.93E-17
 7.12E-15 6.94E-13 6.76E-12 6.51E-11 3.97E-10 8.58E-10 1.52E-09 2.33E-09
 2.86E-09 3.46E-09 4.02E-09 4.24E-09 4.35E-09 4.33E-09 4.25E-09 4.09E-09
 1.00E-74 1.00E-74 1.00E-74 1.00E-74 5.81E-39 6.82E-29 7.19E-21 1.93E-17
 7.12E-15 6.94E-13 6.76E-12 6.51E-11 3.97E-10 8.58E-10 1.52E-09 2.33E-09
 2.86E-09 3.46E-09 4.02E-09 4.24E-09 4.35E-09 4.33E-09 4.25E-09 4.09E-09
 1.00E-74 1.00E-74 1.00E-74 1.00E-74 5.81E-39 6.82E-29 7.19E-21 1.93E-17
 7.12E-15 6.94E-13 6.76E-12 6.51E-11 3.97E-10 8.58E-10 1.52E-09 2.33E-09
 2.86E-09 3.46E-09 4.02E-09 4.24E-09 4.35E-09 4.33E-09 4.25E-09 4.09E-09
 1.00E-74 1.00E-74 1.00E-74 1.00E-74 5.81E-39 6.82E-29 7.19E-21 1.93E-17
 7.12E-15 6.94E-13 6.76E-12 6.51E-11 3.97E-10 8.58E-10 1.52E-09 2.33E-09
 2.86E-09 3.46E-09 4.02E-09 4.24E-09 4.35E-09 4.33E-09 4.25E-09 4.09E-09
 1.00E-74 1.00E-74 1.00E-74 1.00E-74 5.81E-39 6.82E-29 7.19E-21 1.93E-17
 7.12E-15 6.94E-13 6.76E-12 6.51E-11 3.97E-10 8.58E-10 1.52E-09 2.33E-09
 2.86E-09 3.46E-09 4.02E-09 4.24E-09 4.35E-09 4.33E-09 4.25E-09 4.09E-09
 1.00E-74 1.00E-74 1.00E-74 1.00E-74 5.81E-39 6.82E-29 7.19E-21 1.93E-17
 7.12E-15 6.94E-13 6.76E-12 6.51E-11 3.97E-10 8.58E-10 1.52E-09 2.33E-09
 2.86E-09 3.46E-09 4.02E-09 4.24E-09 4.35E-09 4.33E-09 4.25E-09 4.09E-09
 1.00E-74 1.00E-74 1.00E-74 1.00E-74 5.81E-39 6.82E-29 7.19E-21 1.93E-17
 7.12E-15 6.94E-13 6.76E-12 6.51E-11 3.97E-10 8.58E-10 1.52E-09 2.33E-09
 2.86E-09 3.46E-09 4.02E-09 4.24E-09 4.35E-09 4.33E-09 4.25E-09 4.09E-09
 1.00E-74 1.00E-74 1.00E-74 1.00E-74 5.81E-39 6.82E-29 7.19E-21 1.93E-17
 7.12E-15 6.94E-13 6.76E-12 6.51E-11 3.97E-10 8.58E-10 1.52E-09 2.33E-09
 2.86E-09 3.46E-09 4.02E-09 4.24E-09 4.35E-09 4.33E-09 4.25E-09 4.09E-09
 1.00E-74 1.00E-74 1.00E-74 1.00E-74 5.81E-39 6.82E-29 7.19E-21 1.93E-17
 7.12E-15 6.94E-13 6.76E-12 6.51E-11 3.97E-10 8.58E-10 1.52E-09 2.33E-09
 2.86E-09 3.46E-09 4.02E-09 4.24E-09 4.35E-09 4.33E-09 4.25E-09 4.09E-09
 1.00E-74 1.00E-74 1.00E-74 1.00E-74 5.82E-39 6.83E-29 7.20E-21 1.93E-17
 7.12E-15 6.94E-13 6.76E-12 6.51E-11 3.97E-10 8.58E-10 1.52E-09 2.33E-09
 2.87E-09 3.46E-09 4.02E-09 4.25E-09 4.36E-09 4.34E-09 4.26E-09 4.09E-09
 1.00E-74 1.00E-74 1.00E-74 1.00E-74 5.83E-39 6.84E-29 7.20E-21 1.93E-17
 7.13E-15 6.95E-13 6.76E-12 6.51E-11 3.97E-10 8.58E-10 1.52E-09 2.34E-09
 2.87E-09 3.47E-09 4.03E-09 4.25E-09 4.36E-09 4.34E-09 4.26E-09 4.10E-09
 1.00E-74 1.00E-74 1.00E-74 6.18E-49 5.87E-39 6.88E-29 7.24E-21 1.94E-17
 7.15E-15 6.96E-13 6.77E-12 6.51E-11 3.97E-10 8.58E-10 1.52E-09 2.34E-09
 2.87E-09 3.48E-09 4.04E-09 4.27E-09 4.38E-09 4.36E-09 4.29E-09 4.12E-09
 1.00E-74 1.00E-74 1.00E-74 4.12E-49 6.00E-39 7.00E-29 7.33E-21 1.96E-17
 7.20E-15 6.99E-13 6.78E-12 6.51E-11 3.96E-10 8.58E-10 1.52E-09 2.35E-09
 2.89E-09 3.50E-09 4.08E-09 4.32E-09 4.44E-09 4.42E-09 4.34E-09 4.17E-09
 1.00E-74 1.00E-74 1.00E-74 5.56E-49 6.43E-39 7.41E-29 7.63E-21 2.02E-17
 7.39E-15 7.11E-13 6.87E-12 6.56E-11 3.99E-10 8.66E-10 1.54E-09 2.40E-09
 2.97E-09 3.62E-09 4.25E-09 4.51E-09 4.63E-09 4.61E-09 4.52E-09 4.34E-09
 1.00E-74 1.00E-74 1.00E-74 6.39E-49 7.65E-39 8.56E-29 8.49E-21 2.21E-17
 7.94E-15 7.53E-13 7.20E-12 6.80E-11 4.13E-10 9.01E-10 1.62E-09 2.55E-09
 3.18E-09 3.93E-09 4.66E-09 4.98E-09 5.13E-09 5.12E-09 5.02E-09 4.80E-09
 1.00E-74 1.00E-74 1.00E-74 1.01E-48 1.17E-38 1.24E-28 1.13E-20 2.79E-17
 9.67E-15 8.76E-13 8.12E-12 7.40E-11 4.37E-10 9.46E-10 1.70E-09 2.69E-09
 3.39E-09 4.25E-09 5.16E-09 5.60E-09 5.86E-09 5.94E-09 5.87E-09 5.68E-09
 1.00E-74 1.00E-74 1.00E-74 1.90E-48 2.15E-38 2.17E-28 1.77E-20 4.03E-17
 1.28E-14 1.03E-12 8.86E-12 7.30E-11 3.91E-10 8.07E-10 1.40E-09 2.18E-09
 2.74E-09 3.45E-09 4.29E-09 4.76E-09 5.14E-09 5.39E-09 5.48E-09 5.52E-09
 1.00E-74 1.00E-74 1.00E-74 3.76E-48 4.32E-38 4.22E-28 2.96E-20 5.84E-17
 1.52E-14 9.65E-13 7.06E-12 4.87E-11 2.23E-10 4.30E-10 7.13E-10 1.08E-09
 1.34E-09 1.69E-09 2.13E-09 2.41E-09 2.66E-09 2.90E-09 3.04E-09 3.21E-09
 1.00E-74 1.00E-74 1.00E-74 5.19E-48 6.22E-38 6.06E-28 3.71E-20 6.10E-17
 1.22E-14 5.92E-13 3.77E-12 2.28E-11 9.50E-11 1.77E-10 2.86E-10 4.26E-10
 5.27E-10 6.63E-10 8.41E-10 9.56E-10 1.07E-09 1.18E-09 1.26E-09 1.36E-09
 1.00E-74 1.00E-74 1.00E-74 4.35E-48 5.53E-38 5.57E-28 3.06E-20 4.04E-17
 6.08E-15 2.38E-13 1.39E-12 7.85E-12 3.13E-11 5.74E-11 9.20E-11 1.36E-10
 1.68E-10 2.11E-10 2.68E-10 3.06E-10 3.43E-10 3.82E-10 4.08E-10 4.44E-10
  949.743   24  24 /pl=01:ss= 0:pp= 1:sz= 0/type=RECOM/ispp = t/isel =    8
 1.00E+01 1.00E+02 1.00E+03 1.00E+04 1.00E+05 1.00E+06 3.00E+06 1.00E+07
 3.00E+07 1.00E+08 3.00E+08 1.00E+09 3.00E+09 1.00E+10 3.00E+10 1.00E+11
 3.00E+11 1.00E+12 3.00E+12 1.00E+13 3.00E+13 1.00E+14 3.00E+14 1.00E+15
 4.31E-02 6.03E-02 8.62E-02 1.29E-01 1.72E-01 2.59E-01 4.31E-01 6.03E-01
 8.62E-01 1.29E+00 1.72E+00 2.59E+00 4.31E+00 6.03E+00 8.62E+00 1.29E+01
 1.72E+01 2.59E+01 4.31E+01 6.03E+01 8.62E+01 1.29E+02 1.72E+02 2.59E+02
 1.07E-13 8.34E-14 6.42E-14 4.75E-14 3.82E-14 2.78E-14 1.82E-14 1.36E-14
 9.82E-15 6.69E-15 5.03E-15 3.32E-15 1.92E-15 1.32E-15 8.83E-16 5.51E-16
 3.90E-16 2.38E-16 1.26E-16 8.21E-17 5.18E-17 3.04E-17 2.07E-17 1.20E-17
 1.09E-13 8.44E-14 6.47E-14 4.77E-14 3.83E-14 2.79E-14 1.82E-14 1.36E-14
 9.83E-15 6.69E-15 5.03E-15 3.32E-15 1.92E-15 1.32E-15 8.83E-16 5.51E-16
 3.90E-16 2.38E-16 1.26E-16 8.21E-17 5.18E-17 3.04E-17 2.07E-17 1.20E-17
 1.12E-13 8.63E-14 6.57E-14 4.82E-14 3.86E-14 2.80E-14 1.83E-14 1.36E-14
 9.84E-15 6.70E-15 5.04E-15 3.32E-15 1.92E-15 1.32E-15 8.83E-16 5.51E-16
 3.90E-16 2.38E-16 1.26E-16 8.21E-17 5.18E-17 3.04E-17 2.07E-17 1.20E-17
 1.18E-13 8.95E-14 6.75E-14 4.91E-14 3.92E-14 2.83E-14 1.84E-14 1.37E-14
 9.88E-15 6.71E-15 5.05E-15 3.33E-15 1.92E-15 1.32E-15 8.83E-16 5.51E-16
 3.90E-16 2.38E-16 1.26E-16 8.20E-17 5.18E-17 3.04E-17 2.07E-17 1.20E-17
 1.29E-13 9.60E-14 7.10E-14 5.09E-14 4.03E-14 2.88E-14 1.86E-14 1.38E-14
 9.94E-15 6.74E-15 5.06E-15 3.33E-15 1.93E-15 1.33E-15 8.83E-16 5.51E-16
 3.90E-16 2.38E-16 1.26E-16 8.20E-17 5.18E-17 3.04E-17 2.07E-17 1.20E-17
 1.52E-13 1.09E-13 7.78E-14 5.42E-14 4.23E-14 2.98E-14 1.90E-14 1.40E-14
 1.01E-14 6.79E-15 5.09E-15 3.35E-15 1.93E-15 1.33E-15 8.84E-16 5.51E-16
 3.90E-16 2.38E-16 1.26E-16 8.20E-17 5.17E-17 3.04E-17 2.07E-17 1.20E-17
 1.68E-13 1.17E-13 8.21E-14 5.63E-14 4.36E-14 3.05E-14 1.93E-14 1.41E-14
 1.01E-14 6.83E-15 5.11E-15 3.36E-15 1.93E-15 1.33E-15 8.85E-16 5.52E-16
 3.90E-16 2.38E-16 1.26E-16 8.19E-17 5.17E-17 3.03E-17 2.07E-17 1.20E-17
 1.91E-13 1.29E-13 8.85E-14 5.95E-14 4.55E-14 3.14E-14 1.97E-14 1.44E-14
 1.02E-14 6.88E-15 5.15E-15 3.37E-15 1.94E-15 1.33E-15 8.86E-16 5.52E-16
 3.90E-16 2.38E-16 1.26E-16 8.19E-17 5.17E-17 3.03E-17 2.07E-17 1.20E-17
 2.26E-13 1.47E-13 9.80E-14 6.41E-14 4.82E-14 3.28E-14 2.02E-14 1.47E-14
 1.04E-14 6.96E-15 5.19E-15 3.39E-15 1.95E-15 1.33E-15 8.87E-16 5.52E-16
 3.90E-16 2.38E-16 1.26E-16 8.18E-17 5.16E-17 3.03E-17 2.07E-17 1.20E-17
 2.91E-13 1.79E-13 1.14E-13 7.13E-14 5.25E-14 3.48E-14 2.10E-14 1.51E-14
 1.06E-14 7.07E-15 5.26E-15 3.42E-15 1.96E-15 1.34E-15 8.89E-16 5.53E-16
 3.91E-16 2.37E-16 1.25E-16 8.17E-17 5.15E-17 3.02E-17 2.06E-17 1.20E-17
 3.88E-13 2.24E-13 1.35E-13 8.08E-14 5.81E-14 3.75E-14 2.21E-14 1.57E-14
 1.09E-14 7.22E-15 5.34E-15 3.46E-15 1.97E-15 1.35E-15 8.92E-16 5.54E-16
 3.91E-16 2.37E-16 1.25E-16 8.16E-17 5.14E-17 3.02E-17 2.06E-17 1.19E-17
 5.70E-13 3.03E-13 1.70E-13 9.59E-14 6.66E-14 4.15E-14 2.37E-14 1.66E-14
 1.14E-14 7.43E-15 5.47E-15 3.52E-15 1.99E-15 1.36E-15 8.96E-16 5.55E-16
 3.91E-16 2.37E-16 1.25E-16 8.14E-17 5.13E-17 3.01E-17 2.05E-17 1.19E-17
 8.69E-13 4.24E-13 2.21E-13 1.17E-13 7.85E-14 4.69E-14 2.58E-14 1.77E-14
 1.20E-14 7.73E-15 5.64E-15 3.60E-15 2.02E-15 1.37E-15 9.02E-16 5.56E-16
 3.92E-16 2.37E-16 1.25E-16 8.11E-17 5.10E-17 2.99E-17 2.04E-17 1.18E-17
 1.54E-12 6.81E-13 3.24E-13 1.58E-13 1.00E-13 5.66E-14 2.95E-14 1.97E-14
 1.30E-14 8.22E-15 5.93E-15 3.73E-15 2.07E-15 1.39E-15 9.11E-16 5.59E-16
 3.92E-16 2.37E-16 1.24E-16 8.05E-17 5.06E-17 2.96E-17 2.02E-17 1.17E-17
 3.04E-12 1.20E-12 5.15E-13 2.26E-13 1.36E-13 7.17E-14 3.51E-14 2.27E-14
 1.46E-14 8.96E-15 6.37E-15 3.94E-15 2.14E-15 1.43E-15 9.26E-16 5.63E-16
 3.93E-16 2.36E-16 1.23E-16 7.96E-17 5.00E-17 2.92E-17 1.99E-17 1.15E-17
 7.67E-12 2.64E-12 9.87E-13 3.82E-13 2.13E-13 1.03E-13 4.66E-14 2.88E-14
 1.78E-14 1.05E-14 7.29E-15 4.37E-15 2.30E-15 1.50E-15 9.56E-16 5.71E-16
 3.95E-16 2.34E-16 1.20E-16 7.76E-17 4.85E-17 2.83E-17 1.93E-17 1.12E-17
 2.03E-11 6.19E-12 2.05E-12 7.07E-13 3.69E-13 1.65E-13 6.84E-14 4.02E-14
 2.35E-14 1.32E-14 8.88E-15 5.11E-15 2.56E-15 1.63E-15 1.01E-15 5.85E-16
 3.97E-16 2.30E-16 1.16E-16 7.41E-17 4.60E-17 2.67E-17 1.81E-17 1.05E-17
 5.76E-11 1.61E-11 4.81E-12 1.49E-12 7.27E-13 3.00E-13 1.13E-13 6.20E-14
 3.38E-14 1.77E-14 1.14E-14 6.18E-15 2.92E-15 1.79E-15 1.07E-15 6.02E-16
 4.01E-16 2.26E-16 1.11E-16 6.93E-17 4.23E-17 2.42E-17 1.63E-17 9.36E-18
 1.17E-10 3.14E-11 8.87E-12 2.59E-12 1.22E-12 4.80E-13 1.66E-13 8.57E-14
 4.39E-14 2.17E-14 1.34E-14 7.02E-15 3.18E-15 1.91E-15 1.12E-15 6.15E-16
 4.04E-16 2.24E-16 1.07E-16 6.61E-17 3.97E-17 2.23E-17 1.49E-17 8.43E-18
 1.76E-10 4.67E-11 1.30E-11 3.83E-12 1.82E-12 6.95E-13 2.21E-13 1.08E-13
 5.26E-14 2.48E-14 1.50E-14 7.61E-15 3.35E-15 1.99E-15 1.15E-15 6.24E-16
 4.06E-16 2.22E-16 1.05E-16 6.41E-17 3.82E-17 2.12E-17 1.40E-17 7.82E-18
 2.04E-10 5.44E-11 1.54E-11 4.76E-12 2.32E-12 8.70E-13 2.59E-13 1.22E-13
 5.77E-14 2.65E-14 1.58E-14 7.90E-15 3.43E-15 2.01E-15 1.16E-15 6.23E-16
 4.03E-16 2.19E-16 1.03E-16 6.24E-17 3.69E-17 2.04E-17 1.34E-17 7.44E-18
 2.16E-10 5.78E-11 1.67E-11 5.40E-12 2.69E-12 1.01E-12 2.87E-13 1.31E-13
 6.09E-14 2.75E-14 1.62E-14 8.02E-15 3.44E-15 2.01E-15 1.15E-15 6.15E-16
 3.96E-16 2.14E-16 9.95E-17 6.02E-17 3.54E-17 1.94E-17 1.27E-17 6.99E-18
 2.20E-10 5.89E-11 1.71E-11 5.67E-12 2.88E-12 1.09E-12 3.03E-13 1.36E-13
 6.24E-14 2.79E-14 1.64E-14 8.04E-15 3.44E-15 2.00E-15 1.14E-15 6.10E-16
 3.92E-16 2.12E-16 9.78E-17 5.90E-17 3.45E-17 1.88E-17 1.23E-17 6.71E-18
 2.21E-10 5.93E-11 1.73E-11 5.79E-12 2.98E-12 1.14E-12 3.13E-13 1.39E-13
 6.32E-14 2.80E-14 1.64E-14 8.04E-15 3.43E-15 2.00E-15 1.14E-15 6.08E-16
 3.91E-16 2.11E-16 9.71E-17 5.84E-17 3.42E-17 1.86E-17 1.21E-17 6.58E-18
  972.537   24  24 /pl=01:ss= 0:pp= 1:sz= 0/type=RECOM/ispp = t/isel =    9
 1.00E+01 1.00E+02 1.00E+03 1.00E+04 1.00E+05 1.00E+06 3.00E+06 1.00E+07
 3.00E+07 1.00E+08 3.00E+08 1.00E+09 3.00E+09 1.00E+10 3.00E+10 1.00E+11
 3.00E+11 1.00E+12 3.00E+12 1.00E+13 3.00E+13 1.00E+14 3.00E+14 1.00E+15
 4.31E-02 6.03E-02 8.62E-02 1.29E-01 1.72E-01 2.59E-01 4.31E-01 6.03E-01
 8.62E-01 1.29E+00 1.72E+00 2.59E+00 4.31E+00 6.03E+00 8.62E+00 1.29E+01
 1.72E+01 2.59E+01 4.31E+01 6.03E+01 8.62E+01 1.29E+02 1.72E+02 2.59E+02
 1.51E-13 1.19E-13 9.20E-14 6.87E-14 5.57E-14 4.11E-14 2.75E-14 2.08E-14
 1.53E-14 1.06E-14 8.09E-15 5.44E-15 3.22E-15 2.25E-15 1.52E-15 9.57E-16
 6.84E-16 4.23E-16 2.27E-16 1.49E-16 9.45E-17 5.58E-17 3.82E-17 2.23E-17
 1.54E-13 1.20E-13 9.27E-14 6.91E-14 5.59E-14 4.12E-14 2.75E-14 2.08E-14
 1.53E-14 1.06E-14 8.09E-15 5.44E-15 3.22E-15 2.25E-15 1.52E-15 9.57E-16
 6.84E-16 4.23E-16 2.26E-16 1.49E-16 9.45E-17 5.58E-17 3.82E-17 2.23E-17
 1.58E-13 1.23E-13 9.42E-14 6.98E-14 5.64E-14 4.14E-14 2.76E-14 2.08E-14
 1.53E-14 1.06E-14 8.10E-15 5.45E-15 3.22E-15 2.25E-15 1.52E-15 9.57E-16
 6.84E-16 4.23E-16 2.26E-16 1.49E-16 9.45E-17 5.58E-17 3.82E-17 2.23E-17
 1.66E-13 1.27E-13 9.66E-14 7.10E-14 5.71E-14 4.18E-14 2.77E-14 2.09E-14
 1.54E-14 1.06E-14 8.11E-15 5.45E-15 3.22E-15 2.25E-15 1.52E-15 9.57E-16
 6.84E-16 4.23E-16 2.26E-16 1.49E-16 9.45E-17 5.58E-17 3.82E-17 2.23E-17
 1.82E-13 1.36E-13 1.02E-13 7.35E-14 5.86E-14 4.25E-14 2.80E-14 2.11E-14
 1.54E-14 1.07E-14 8.13E-15 5.46E-15 3.23E-15 2.25E-15 1.52E-15 9.57E-16
 6.84E-16 4.23E-16 2.26E-16 1.49E-16 9.45E-17 5.58E-17 3.82E-17 2.23E-17
 2.14E-13 1.54E-13 1.11E-13 7.81E-14 6.14E-14 4.39E-14 2.86E-14 2.14E-14
 1.56E-14 1.08E-14 8.18E-15 5.48E-15 3.23E-15 2.25E-15 1.52E-15 9.58E-16
 6.84E-16 4.23E-16 2.26E-16 1.49E-16 9.44E-17 5.58E-17 3.82E-17 2.23E-17
 2.36E-13 1.65E-13 1.17E-13 8.10E-14 6.32E-14 4.48E-14 2.90E-14 2.16E-14
 1.57E-14 1.08E-14 8.21E-15 5.49E-15 3.24E-15 2.26E-15 1.52E-15 9.58E-16
 6.84E-16 4.23E-16 2.26E-16 1.49E-16 9.44E-17 5.57E-17 3.82E-17 2.23E-17
 2.67E-13 1.82E-13 1.26E-13 8.53E-14 6.58E-14 4.61E-14 2.95E-14 2.19E-14
 1.59E-14 1.09E-14 8.25E-15 5.51E-15 3.25E-15 2.26E-15 1.52E-15 9.59E-16
 6.84E-16 4.23E-16 2.26E-16 1.49E-16 9.43E-17 5.57E-17 3.81E-17 2.23E-17
 3.15E-13 2.07E-13 1.39E-13 9.16E-14 6.96E-14 4.79E-14 3.02E-14 2.23E-14
 1.61E-14 1.10E-14 8.31E-15 5.54E-15 3.25E-15 2.26E-15 1.52E-15 9.59E-16
 6.84E-16 4.23E-16 2.26E-16 1.48E-16 9.43E-17 5.57E-17 3.81E-17 2.22E-17
 4.04E-13 2.50E-13 1.60E-13 1.02E-13 7.54E-14 5.08E-14 3.14E-14 2.29E-14
 1.64E-14 1.11E-14 8.40E-15 5.58E-15 3.27E-15 2.27E-15 1.53E-15 9.60E-16
 6.84E-16 4.23E-16 2.26E-16 1.48E-16 9.42E-17 5.56E-17 3.81E-17 2.22E-17
 5.36E-13 3.11E-13 1.89E-13 1.14E-13 8.29E-14 5.43E-14 3.28E-14 2.37E-14
 1.68E-14 1.13E-14 8.51E-15 5.63E-15 3.29E-15 2.28E-15 1.53E-15 9.61E-16
 6.85E-16 4.22E-16 2.26E-16 1.48E-16 9.40E-17 5.55E-17 3.80E-17 2.22E-17
 7.80E-13 4.16E-13 2.35E-13 1.34E-13 9.42E-14 5.96E-14 3.49E-14 2.48E-14
 1.74E-14 1.16E-14 8.68E-15 5.71E-15 3.31E-15 2.29E-15 1.54E-15 9.63E-16
 6.85E-16 4.22E-16 2.25E-16 1.48E-16 9.38E-17 5.54E-17 3.79E-17 2.21E-17
 1.17E-12 5.75E-13 3.02E-13 1.62E-13 1.10E-13 6.66E-14 3.76E-14 2.63E-14
 1.82E-14 1.20E-14 8.89E-15 5.81E-15 3.35E-15 2.31E-15 1.54E-15 9.65E-16
 6.86E-16 4.22E-16 2.25E-16 1.47E-16 9.35E-17 5.52E-17 3.78E-17 2.20E-17
 2.04E-12 9.03E-13 4.33E-13 2.13E-13 1.37E-13 7.86E-14 4.21E-14 2.87E-14
 1.94E-14 1.26E-14 9.24E-15 5.97E-15 3.41E-15 2.34E-15 1.55E-15 9.68E-16
 6.87E-16 4.22E-16 2.24E-16 1.47E-16 9.31E-17 5.49E-17 3.75E-17 2.19E-17
 3.90E-12 1.55E-12 6.66E-13 2.95E-13 1.79E-13 9.59E-14 4.82E-14 3.19E-14
 2.11E-14 1.33E-14 9.69E-15 6.17E-15 3.48E-15 2.37E-15 1.57E-15 9.73E-16
 6.88E-16 4.21E-16 2.24E-16 1.46E-16 9.25E-17 5.45E-17 3.73E-17 2.17E-17
 9.54E-12 3.27E-12 1.22E-12 4.71E-13 2.63E-13 1.29E-13 5.92E-14 3.76E-14
 2.39E-14 1.47E-14 1.05E-14 6.53E-15 3.60E-15 2.43E-15 1.59E-15 9.81E-16
 6.91E-16 4.21E-16 2.22E-16 1.45E-16 9.15E-17 5.38E-17 3.68E-17 2.14E-17
 2.66E-11 7.90E-12 2.54E-12 8.45E-13 4.31E-13 1.89E-13 7.81E-14 4.70E-14
 2.86E-14 1.69E-14 1.17E-14 7.10E-15 3.80E-15 2.52E-15 1.63E-15 9.93E-16
 6.94E-16 4.19E-16 2.20E-16 1.43E-16 9.01E-17 5.29E-17 3.61E-17 2.10E-17
 1.05E-10 2.73E-11 7.48E-12 2.08E-12 9.46E-13 3.57E-13 1.26E-13 6.95E-14
 3.95E-14 2.17E-14 1.45E-14 8.30E-15 4.21E-15 2.72E-15 1.71E-15 1.02E-15
 7.02E-16 4.17E-16 2.16E-16 1.39E-16 8.73E-17 5.10E-17 3.48E-17 2.02E-17
 3.78E-10 9.20E-11 2.29E-11 5.62E-12 2.33E-12 7.67E-13 2.28E-13 1.14E-13
 5.92E-14 2.98E-14 1.88E-14 1.01E-14 4.79E-15 2.98E-15 1.83E-15 1.05E-15
 7.15E-16 4.17E-16 2.11E-16 1.35E-16 8.39E-17 4.87E-17 3.30E-17 1.91E-17
 1.09E-09 2.63E-10 6.33E-11 1.47E-11 5.74E-12 1.69E-12 4.23E-13 1.89E-13
 8.86E-14 4.05E-14 2.41E-14 1.22E-14 5.43E-15 3.27E-15 1.94E-15 1.09E-15
 7.29E-16 4.16E-16 2.06E-16 1.30E-16 8.01E-17 4.60E-17 3.11E-17 1.79E-17
 1.86E-09 4.61E-10 1.12E-10 2.60E-11 9.97E-12 2.75E-12 6.11E-13 2.54E-13
 1.11E-13 4.79E-14 2.77E-14 1.34E-14 5.77E-15 3.40E-15 1.97E-15 1.08E-15
 7.11E-16 3.97E-16 1.93E-16 1.21E-16 7.36E-17 4.21E-17 2.83E-17 1.63E-17
 2.39E-09 6.06E-10 1.50E-10 3.54E-11 1.36E-11 3.68E-12 7.65E-13 3.04E-13
 1.27E-13 5.26E-14 2.97E-14 1.40E-14 5.83E-15 3.37E-15 1.92E-15 1.03E-15
 6.64E-16 3.63E-16 1.72E-16 1.05E-16 6.32E-17 3.55E-17 2.37E-17 1.34E-17
 2.60E-09 6.63E-10 1.66E-10 3.98E-11 1.56E-11 4.26E-12 8.59E-13 3.32E-13
 1.35E-13 5.45E-14 3.03E-14 1.41E-14 5.79E-15 3.32E-15 1.87E-15 9.91E-16
 6.36E-16 3.44E-16 1.60E-16 9.67E-17 5.71E-17 3.15E-17 2.07E-17 1.15E-17
 2.68E-09 6.85E-10 1.72E-10 4.17E-11 1.67E-11 4.64E-12 9.19E-13 3.48E-13
 1.39E-13 5.51E-14 3.05E-14 1.41E-14 5.76E-15 3.29E-15 1.85E-15 9.75E-16
 6.24E-16 3.35E-16 1.54E-16 9.29E-17 5.44E-17 2.97E-17 1.93E-17 1.06E-17
  1025.72   24  24 /pl=01:ss= 0:pp= 1:sz= 0/type=RECOM/ispp = t/isel =   10
 1.00E+01 1.00E+02 1.00E+03 1.00E+04 1.00E+05 1.00E+06 3.00E+06 1.00E+07
 3.00E+07 1.00E+08 3.00E+08 1.00E+09 3.00E+09 1.00E+10 3.00E+10 1.00E+11
 3.00E+11 1.00E+12 3.00E+12 1.00E+13 3.00E+13 1.00E+14 3.00E+14 1.00E+15
 4.31E-02 6.03E-02 8.62E-02 1.29E-01 1.72E-01 2.59E-01 4.31E-01 6.03E-01
 8.62E-01 1.29E+00 1.72E+00 2.59E+00 4.31E+00 6.03E+00 8.62E+00 1.29E+01
 1.72E+01 2.59E+01 4.31E+01 6.03E+01 8.62E+01 1.29E+02 1.72E+02 2.59E+02
 2.15E-12 1.61E-13 1.25E-13 9.44E-14 7.71E-14 5.76E-14 3.92E-14 3.02E-14
 2.26E-14 1.60E-14 1.24E-14 8.55E-15 5.21E-15 3.70E-15 2.55E-15 1.64E-15
 1.19E-15 7.46E-16 4.05E-16 2.69E-16 1.73E-16 1.03E-16 7.09E-17 4.16E-17
 1.90E-13 1.62E-13 1.26E-13 9.49E-14 7.74E-14 5.77E-14 3.93E-14 3.02E-14
 2.26E-14 1.60E-14 1.24E-14 8.55E-15 5.21E-15 3.70E-15 2.55E-15 1.64E-15
 1.19E-15 7.46E-16 4.05E-16 2.69E-16 1.73E-16 1.03E-16 7.09E-17 4.16E-17
 9.90E-13 1.66E-13 1.28E-13 9.58E-14 7.79E-14 5.80E-14 3.94E-14 3.02E-14
 2.26E-14 1.60E-14 1.24E-14 8.56E-15 5.21E-15 3.70E-15 2.55E-15 1.64E-15
 1.19E-15 7.46E-16 4.05E-16 2.69E-16 1.73E-16 1.03E-16 7.09E-17 4.16E-17
 9.51E-13 1.72E-13 1.31E-13 9.74E-14 7.89E-14 5.85E-14 3.96E-14 3.04E-14
 2.27E-14 1.61E-14 1.24E-14 8.56E-15 5.21E-15 3.70E-15 2.55E-15 1.64E-15
 1.19E-15 7.46E-16 4.05E-16 2.69E-16 1.73E-16 1.03E-16 7.09E-17 4.16E-17
 4.23E-12 1.84E-13 1.38E-13 1.01E-13 8.09E-14 5.95E-14 4.00E-14 3.06E-14
 2.28E-14 1.61E-14 1.25E-14 8.58E-15 5.22E-15 3.71E-15 2.55E-15 1.64E-15
 1.19E-15 7.46E-16 4.05E-16 2.69E-16 1.73E-16 1.03E-16 7.09E-17 4.16E-17
 1.84E-12 2.07E-13 1.50E-13 1.07E-13 8.46E-14 6.13E-14 4.08E-14 3.10E-14
 2.30E-14 1.62E-14 1.25E-14 8.60E-15 5.23E-15 3.71E-15 2.55E-15 1.64E-15
 1.19E-15 7.46E-16 4.05E-16 2.69E-16 1.73E-16 1.03E-16 7.09E-17 4.16E-17
 9.04E-13 2.22E-13 1.58E-13 1.11E-13 8.69E-14 6.24E-14 4.12E-14 3.12E-14
 2.32E-14 1.63E-14 1.26E-14 8.62E-15 5.23E-15 3.71E-15 2.55E-15 1.64E-15
 1.19E-15 7.46E-16 4.05E-16 2.69E-16 1.73E-16 1.03E-16 7.09E-17 4.16E-17
 1.94E-13 2.44E-13 1.70E-13 1.16E-13 9.04E-14 6.42E-14 4.19E-14 3.16E-14
 2.34E-14 1.64E-14 1.26E-14 8.65E-15 5.24E-15 3.72E-15 2.55E-15 1.64E-15
 1.19E-15 7.46E-16 4.05E-16 2.69E-16 1.73E-16 1.03E-16 7.08E-17 4.16E-17
 5.14E-13 2.77E-13 1.87E-13 1.25E-13 9.53E-14 6.66E-14 4.29E-14 3.22E-14
 2.36E-14 1.65E-14 1.27E-14 8.68E-15 5.25E-15 3.72E-15 2.55E-15 1.64E-15
 1.19E-15 7.45E-16 4.04E-16 2.68E-16 1.73E-16 1.03E-16 7.08E-17 4.16E-17
 1.94E-12 3.34E-13 2.15E-13 1.38E-13 1.03E-13 7.03E-14 4.44E-14 3.30E-14
 2.41E-14 1.67E-14 1.28E-14 8.74E-15 5.27E-15 3.73E-15 2.56E-15 1.64E-15
 1.19E-15 7.45E-16 4.04E-16 2.68E-16 1.72E-16 1.03E-16 7.07E-17 4.15E-17
 3.35E-12 4.13E-13 2.52E-13 1.54E-13 1.13E-13 7.49E-14 4.62E-14 3.40E-14
 2.46E-14 1.70E-14 1.30E-14 8.80E-15 5.30E-15 3.74E-15 2.56E-15 1.64E-15
 1.19E-15 7.45E-16 4.04E-16 2.68E-16 1.72E-16 1.03E-16 7.06E-17 4.15E-17
 3.01E-12 5.49E-13 3.12E-13 1.80E-13 1.27E-13 8.17E-14 4.89E-14 3.54E-14
 2.54E-14 1.73E-14 1.32E-14 8.90E-15 5.33E-15 3.76E-15 2.57E-15 1.65E-15
 1.19E-15 7.45E-16 4.04E-16 2.68E-16 1.72E-16 1.03E-16 7.05E-17 4.14E-17
 2.17E-12 7.52E-13 3.98E-13 2.15E-13 1.47E-13 9.06E-14 5.24E-14 3.73E-14
 2.63E-14 1.78E-14 1.35E-14 9.03E-15 5.38E-15 3.78E-15 2.58E-15 1.65E-15
 1.19E-15 7.45E-16 4.03E-16 2.67E-16 1.72E-16 1.02E-16 7.03E-17 4.13E-17
 6.68E-12 1.16E-12 5.62E-13 2.79E-13 1.81E-13 1.06E-13 5.79E-14 4.03E-14
 2.79E-14 1.85E-14 1.39E-14 9.22E-15 5.45E-15 3.81E-15 2.59E-15 1.65E-15
 1.19E-15 7.45E-16 4.02E-16 2.67E-16 1.71E-16 1.02E-16 7.01E-17 4.11E-17
 6.75E-12 1.94E-12 8.41E-13 3.77E-13 2.31E-13 1.26E-13 6.52E-14 4.41E-14
 2.98E-14 1.94E-14 1.44E-14 9.46E-15 5.53E-15 3.86E-15 2.61E-15 1.66E-15
 1.19E-15 7.45E-16 4.02E-16 2.66E-16 1.71E-16 1.02E-16 6.98E-17 4.09E-17
 1.10E-11 3.85E-12 1.45E-12 5.71E-13 3.23E-13 1.62E-13 7.71E-14 5.01E-14
 3.28E-14 2.08E-14 1.52E-14 9.84E-15 5.67E-15 3.93E-15 2.64E-15 1.67E-15
 1.20E-15 7.46E-16 4.02E-16 2.66E-16 1.70E-16 1.01E-16 6.95E-17 4.07E-17
 2.66E-11 8.23E-12 2.70E-12 9.23E-13 4.81E-13 2.18E-13 9.48E-14 5.88E-14
 3.71E-14 2.28E-14 1.64E-14 1.04E-14 5.87E-15 4.03E-15 2.70E-15 1.70E-15
 1.21E-15 7.52E-16 4.03E-16 2.66E-16 1.70E-16 1.01E-16 6.94E-17 4.07E-17
 8.87E-11 2.31E-11 6.45E-12 1.85E-12 8.66E-13 3.44E-13 1.30E-13 7.56E-14
 4.51E-14 2.64E-14 1.84E-14 1.13E-14 6.24E-15 4.23E-15 2.81E-15 1.75E-15
 1.25E-15 7.72E-16 4.13E-16 2.72E-16 1.73E-16 1.03E-16 7.04E-17 4.11E-17
 3.11E-10 7.34E-11 1.79E-11 4.41E-12 1.85E-12 6.36E-13 2.02E-13 1.07E-13
 5.93E-14 3.25E-14 2.18E-14 1.29E-14 6.87E-15 4.60E-15 3.02E-15 1.87E-15
 1.33E-15 8.17E-16 4.35E-16 2.86E-16 1.82E-16 1.08E-16 7.37E-17 4.29E-17
 1.34E-09 3.00E-10 6.73E-11 1.48E-11 5.66E-12 1.63E-12 4.04E-13 1.87E-13
 9.24E-14 4.58E-14 2.90E-14 1.60E-14 8.04E-15 5.22E-15 3.34E-15 2.03E-15
 1.43E-15 8.71E-16 4.63E-16 3.05E-16 1.95E-16 1.15E-16 7.92E-17 4.64E-17
 4.34E-09 9.82E-10 2.19E-10 4.70E-11 1.71E-11 4.32E-12 8.51E-13 3.42E-13
 1.51E-13 6.65E-14 3.92E-14 1.98E-14 8.98E-15 5.51E-15 3.36E-15 1.95E-15
 1.34E-15 7.96E-16 4.17E-16 2.74E-16 1.76E-16 1.06E-16 7.37E-17 4.41E-17
 1.09E-08 2.58E-09 6.00E-10 1.32E-10 4.77E-11 1.10E-11 1.77E-12 6.19E-13
 2.38E-13 9.08E-14 4.88E-14 2.20E-14 8.85E-15 5.09E-15 2.92E-15 1.59E-15
 1.05E-15 5.98E-16 3.00E-16 1.93E-16 1.21E-16 7.24E-17 5.04E-17 3.04E-17
 1.74E-08 4.30E-09 1.05E-09 2.42E-10 8.87E-11 1.96E-11 2.74E-12 8.73E-13
 3.01E-13 1.03E-13 5.21E-14 2.20E-14 8.37E-15 4.66E-15 2.58E-15 1.36E-15
 8.77E-16 4.80E-16 2.29E-16 1.42E-16 8.67E-17 4.98E-17 3.38E-17 1.97E-17
 2.16E-08 5.52E-09 1.39E-09 3.33E-10 1.25E-10 2.70E-11 3.52E-12 1.05E-12
 3.34E-13 1.07E-13 5.28E-14 2.17E-14 8.07E-15 4.44E-15 2.43E-15 1.26E-15
 7.98E-16 4.27E-16 1.97E-16 1.20E-16 7.09E-17 3.93E-17 2.60E-17 1.46E-17
  1215.67   24  24 /pl=01:ss= 0:pp= 1:sz= 0/type=RECOM/ispp = t/isel =   11
 1.00E+01 1.00E+02 1.00E+03 1.00E+04 1.00E+05 1.00E+06 3.00E+06 1.00E+07
 3.00E+07 1.00E+08 3.00E+08 1.00E+09 3.00E+09 1.00E+10 3.00E+10 1.00E+11
 3.00E+11 1.00E+12 3.00E+12 1.00E+13 3.00E+13 1.00E+14 3.00E+14 1.00E+15
 4.31E-02 6.03E-02 8.62E-02 1.29E-01 1.72E-01 2.59E-01 4.31E-01 6.03E-01
 8.62E-01 1.29E+00 1.72E+00 2.59E+00 4.31E+00 6.03E+00 8.62E+00 1.29E+01
 1.72E+01 2.59E+01 4.31E+01 6.03E+01 8.62E+01 1.29E+02 1.72E+02 2.59E+02
 2.04E+08 1.31E-10 1.31E-10 6.99E-13 5.73E-13 4.32E-13 3.00E-13 2.34E-13
 1.78E-13 1.29E-13 1.02E-13 7.20E-14 4.55E-14 3.31E-14 2.33E-14 1.55E-14
 1.14E-14 7.35E-15 4.11E-15 2.77E-15 1.80E-15 1.09E-15 7.59E-16 4.53E-16
 1.96E+08 7.51E-03 7.61E-13 7.02E-13 5.76E-13 4.33E-13 3.00E-13 2.34E-13
 1.78E-13 1.29E-13 1.02E-13 7.20E-14 4.56E-14 3.32E-14 2.33E-14 1.55E-14
 1.14E-14 7.35E-15 4.11E-15 2.77E-15 1.80E-15 1.09E-15 7.59E-16 4.53E-16
 3.27E-12 7.81E-03 7.68E-13 7.09E-13 5.80E-13 4.35E-13 3.01E-13 2.34E-13
 1.78E-13 1.29E-13 1.02E-13 7.20E-14 4.56E-14 3.32E-14 2.34E-14 1.55E-14
 1.14E-14 7.35E-15 4.11E-15 2.77E-15 1.80E-15 1.09E-15 7.59E-16 4.53E-16
 6.90E+07 1.08E-02 5.41E-11 7.20E-13 5.87E-13 4.39E-13 3.03E-13 2.35E-13
 1.79E-13 1.29E-13 1.02E-13 7.21E-14 4.56E-14 3.32E-14 2.34E-14 1.55E-14
 1.14E-14 7.35E-15 4.11E-15 2.77E-15 1.80E-15 1.09E-15 7.59E-16 4.53E-16
 1.78E+07 1.04E-12 8.06E-13 7.44E-13 6.01E-13 4.46E-13 3.05E-13 2.37E-13
 1.79E-13 1.30E-13 1.02E-13 7.22E-14 4.56E-14 3.32E-14 2.34E-14 1.55E-14
 1.14E-14 7.35E-15 4.11E-15 2.77E-15 1.80E-15 1.09E-15 7.59E-16 4.53E-16
 9.93E+06 5.48E-03 1.01E-12 7.89E-13 6.28E-13 4.59E-13 3.11E-13 2.40E-13
 1.81E-13 1.30E-13 1.03E-13 7.24E-14 4.57E-14 3.32E-14 2.34E-14 1.55E-14
 1.14E-14 7.35E-15 4.11E-15 2.77E-15 1.80E-15 1.09E-15 7.58E-16 4.53E-16
 6.74E-03 6.74E-03 5.15E-10 8.17E-13 6.45E-13 4.68E-13 3.14E-13 2.41E-13
 1.82E-13 1.31E-13 1.03E-13 7.25E-14 4.57E-14 3.32E-14 2.34E-14 1.55E-14
 1.14E-14 7.35E-15 4.11E-15 2.77E-15 1.80E-15 1.09E-15 7.58E-16 4.52E-16
 9.95E+07 1.11E-02 6.32E-11 8.58E-13 6.70E-13 4.80E-13 3.19E-13 2.44E-13
 1.83E-13 1.31E-13 1.03E-13 7.27E-14 4.58E-14 3.33E-14 2.34E-14 1.55E-14
 1.14E-14 7.35E-15 4.11E-15 2.77E-15 1.80E-15 1.09E-15 7.58E-16 4.52E-16
 1.31E+08 4.96E-05 9.95E-13 9.17E-13 7.06E-13 4.98E-13 3.26E-13 2.48E-13
 1.85E-13 1.32E-13 1.04E-13 7.29E-14 4.59E-14 3.33E-14 2.34E-14 1.55E-14
 1.14E-14 7.34E-15 4.11E-15 2.77E-15 1.80E-15 1.09E-15 7.58E-16 4.52E-16
 6.18E-12 1.62E-12 1.36E-12 1.01E-12 7.61E-13 5.24E-13 3.37E-13 2.54E-13
 1.89E-13 1.34E-13 1.05E-13 7.33E-14 4.60E-14 3.34E-14 2.34E-14 1.55E-14
 1.14E-14 7.34E-15 4.10E-15 2.76E-15 1.80E-15 1.09E-15 7.57E-16 4.52E-16
 1.30E+08 4.05E-03 1.56E-12 1.13E-12 8.31E-13 5.57E-13 3.50E-13 2.61E-13
 1.92E-13 1.36E-13 1.06E-13 7.38E-14 4.62E-14 3.34E-14 2.35E-14 1.55E-14
 1.14E-14 7.34E-15 4.10E-15 2.76E-15 1.80E-15 1.09E-15 7.57E-16 4.51E-16
 3.96E+07 2.46E-12 4.75E-11 1.32E-12 9.36E-13 6.06E-13 3.69E-13 2.72E-13
 1.98E-13 1.38E-13 1.07E-13 7.45E-14 4.64E-14 3.36E-14 2.35E-14 1.55E-14
 1.14E-14 7.34E-15 4.10E-15 2.76E-15 1.80E-15 1.09E-15 7.56E-16 4.51E-16
 1.19E+08 3.26E-12 1.82E-12 1.57E-12 1.08E-12 6.70E-13 3.94E-13 2.85E-13
 2.05E-13 1.42E-13 1.09E-13 7.54E-14 4.67E-14 3.37E-14 2.36E-14 1.55E-14
 1.14E-14 7.34E-15 4.10E-15 2.76E-15 1.79E-15 1.08E-15 7.54E-16 4.50E-16
 6.00E+07 5.60E-12 3.18E-12 2.02E-12 1.32E-12 7.75E-13 4.33E-13 3.06E-13
 2.15E-13 1.47E-13 1.12E-13 7.67E-14 4.72E-14 3.39E-14 2.37E-14 1.56E-14
 1.14E-14 7.33E-15 4.09E-15 2.75E-15 1.79E-15 1.08E-15 7.52E-16 4.49E-16
 1.80E+08 1.83E-10 1.79E-10 2.70E-12 1.66E-12 9.18E-13 4.84E-13 3.32E-13
 2.29E-13 1.53E-13 1.16E-13 7.84E-14 4.78E-14 3.42E-14 2.38E-14 1.56E-14
 1.14E-14 7.33E-15 4.08E-15 2.74E-15 1.78E-15 1.08E-15 7.50E-16 4.47E-16
 4.56E-11 1.33E-02 4.49E-10 4.02E-12 2.29E-12 1.16E-12 5.65E-13 3.73E-13
 2.49E-13 1.62E-13 1.21E-13 8.08E-14 4.86E-14 3.46E-14 2.39E-14 1.56E-14
 1.14E-14 7.30E-15 4.06E-15 2.73E-15 1.77E-15 1.07E-15 7.45E-16 4.44E-16
 1.20E+08 6.47E-03 2.14E-10 6.32E-12 3.32E-12 1.53E-12 6.79E-13 4.29E-13
 2.76E-13 1.74E-13 1.28E-13 8.38E-14 4.95E-14 3.49E-14 2.40E-14 1.56E-14
 1.14E-14 7.25E-15 4.02E-15 2.70E-15 1.75E-15 1.06E-15 7.37E-16 4.40E-16
 1.20E+08 1.04E-10 2.93E-11 1.18E-11 5.59E-12 2.27E-12 8.89E-13 5.28E-13
 3.22E-13 1.94E-13 1.38E-13 8.79E-14 5.05E-14 3.52E-14 2.39E-14 1.54E-14
 1.12E-14 7.09E-15 3.92E-15 2.63E-15 1.71E-15 1.03E-15 7.18E-16 4.29E-16
 2.49E+07 3.31E-10 8.53E-11 2.45E-11 1.05E-11 3.73E-12 1.26E-12 6.86E-13
 3.91E-13 2.21E-13 1.52E-13 9.22E-14 5.08E-14 3.46E-14 2.31E-14 1.46E-14
 1.06E-14 6.65E-15 3.67E-15 2.46E-15 1.60E-15 9.70E-16 6.77E-16 4.06E-16
 1.92E+08 1.90E-02 4.66E-10 6.69E-11 2.61E-11 7.88E-12 2.11E-12 1.01E-12
 5.18E-13 2.62E-13 1.68E-13 9.40E-14 4.75E-14 3.09E-14 1.98E-14 1.22E-14
 8.65E-15 5.38E-15 2.96E-15 1.99E-15 1.30E-15 8.00E-16 5.64E-16 3.43E-16
 2.37E+08 9.81E-04 1.12E-09 1.93E-10 7.03E-11 1.82E-11 3.80E-12 1.58E-12
 6.98E-13 3.02E-13 1.74E-13 8.50E-14 3.72E-14 2.24E-14 1.35E-14 7.90E-15
 5.48E-15 3.34E-15 1.82E-15 1.23E-15 8.17E-16 5.12E-16 3.67E-16 2.30E-16
 6.60E-03 6.75E-03 3.02E-09 6.38E-10 2.23E-10 5.03E-11 7.98E-12 2.70E-12
 9.45E-13 3.10E-13 1.49E-13 5.91E-14 2.14E-14 1.18E-14 6.63E-15 3.65E-15
 2.46E-15 1.46E-15 7.79E-16 5.24E-16 3.47E-16 2.20E-16 1.59E-16 1.02E-16
 1.53E-07 3.55E-08 8.07E-09 1.73E-09 6.05E-10 1.26E-10 1.58E-11 4.28E-12
 1.12E-12 2.71E-13 1.11E-13 3.75E-14 1.19E-14 6.21E-15 3.33E-15 1.75E-15
 1.15E-15 6.55E-16 3.37E-16 2.22E-16 1.45E-16 9.01E-17 6.48E-17 4.11E-17
 2.18E+07 7.16E-08 1.73E-08 3.89E-09 1.40E-09 2.86E-10 3.00E-11 6.30E-12
 1.21E-12 2.30E-13 8.48E-14 2.59E-14 7.60E-15 3.80E-15 1.95E-15 9.81E-16
 6.21E-16 3.38E-16 1.64E-16 1.04E-16 6.50E-17 3.87E-17 2.71E-17 1.65E-17
  4341.67   24  24 /pl=01:ss= 0:pp= 1:sz= 0/type=RECOM/ispp = t/isel =   12
 1.00E+01 1.00E+02 1.00E+03 1.00E+04 1.00E+05 1.00E+06 3.00E+06 1.00E+07
 3.00E+07 1.00E+08 3.00E+08 1.00E+09 3.00E+09 1.00E+10 3.00E+10 1.00E+11
 3.00E+11 1.00E+12 3.00E+12 1.00E+13 3.00E+13 1.00E+14 3.00E+14 1.00E+15
 4.31E-02 6.03E-02 8.62E-02 1.29E-01 1.72E-01 2.59E-01 4.31E-01 6.03E-01
 8.62E-01 1.29E+00 1.72E+00 2.59E+00 4.31E+00 6.03E+00 8.62E+00 1.29E+01
 1.72E+01 2.59E+01 4.31E+01 6.03E+01 8.62E+01 1.29E+02 1.72E+02 2.59E+02
 8.29E-14 6.47E-14 4.98E-14 3.68E-14 2.96E-14 2.16E-14 1.41E-14 1.05E-14
 7.62E-15 5.19E-15 3.90E-15 2.58E-15 1.49E-15 1.03E-15 6.85E-16 4.27E-16
 3.03E-16 1.84E-16 9.76E-17 6.37E-17 4.02E-17 2.36E-17 1.61E-17 9.35E-18
 8.43E-14 6.55E-14 5.02E-14 3.70E-14 2.98E-14 2.16E-14 1.41E-14 1.05E-14
 7.63E-15 5.19E-15 3.91E-15 2.58E-15 1.49E-15 1.03E-15 6.85E-16 4.27E-16
 3.03E-16 1.84E-16 9.76E-17 6.37E-17 4.02E-17 2.36E-17 1.61E-17 9.35E-18
 8.68E-14 6.70E-14 5.10E-14 3.74E-14 3.00E-14 2.18E-14 1.42E-14 1.06E-14
 7.64E-15 5.20E-15 3.91E-15 2.58E-15 1.49E-15 1.03E-15 6.85E-16 4.27E-16
 3.03E-16 1.84E-16 9.76E-17 6.37E-17 4.02E-17 2.36E-17 1.61E-17 9.35E-18
 9.12E-14 6.95E-14 5.24E-14 3.81E-14 3.04E-14 2.20E-14 1.43E-14 1.06E-14
 7.66E-15 5.21E-15 3.92E-15 2.58E-15 1.49E-15 1.03E-15 6.85E-16 4.28E-16
 3.03E-16 1.84E-16 9.76E-17 6.37E-17 4.02E-17 2.36E-17 1.61E-17 9.35E-18
 1.00E-13 7.45E-14 5.51E-14 3.95E-14 3.12E-14 2.24E-14 1.44E-14 1.07E-14
 7.71E-15 5.23E-15 3.93E-15 2.59E-15 1.49E-15 1.03E-15 6.86E-16 4.28E-16
 3.03E-16 1.84E-16 9.76E-17 6.37E-17 4.02E-17 2.36E-17 1.61E-17 9.34E-18
 1.18E-13 8.43E-14 6.04E-14 4.21E-14 3.28E-14 2.31E-14 1.48E-14 1.09E-14
 7.80E-15 5.27E-15 3.95E-15 2.60E-15 1.50E-15 1.03E-15 6.86E-16 4.28E-16
 3.03E-16 1.84E-16 9.76E-17 6.36E-17 4.01E-17 2.36E-17 1.61E-17 9.33E-18
 1.30E-13 9.07E-14 6.37E-14 4.37E-14 3.38E-14 2.36E-14 1.50E-14 1.10E-14
 7.86E-15 5.30E-15 3.97E-15 2.60E-15 1.50E-15 1.03E-15 6.87E-16 4.28E-16
 3.03E-16 1.84E-16 9.75E-17 6.36E-17 4.01E-17 2.35E-17 1.61E-17 9.33E-18
 1.48E-13 1.00E-13 6.87E-14 4.62E-14 3.53E-14 2.44E-14 1.53E-14 1.11E-14
 7.95E-15 5.34E-15 3.99E-15 2.62E-15 1.51E-15 1.03E-15 6.88E-16 4.28E-16
 3.03E-16 1.84E-16 9.75E-17 6.36E-17 4.01E-17 2.35E-17 1.60E-17 9.32E-18
 1.75E-13 1.14E-13 7.60E-14 4.97E-14 3.74E-14 2.54E-14 1.57E-14 1.14E-14
 8.07E-15 5.40E-15 4.03E-15 2.63E-15 1.51E-15 1.04E-15 6.89E-16 4.29E-16
 3.03E-16 1.84E-16 9.74E-17 6.35E-17 4.01E-17 2.35E-17 1.60E-17 9.31E-18
 2.26E-13 1.39E-13 8.82E-14 5.54E-14 4.08E-14 2.70E-14 1.63E-14 1.17E-14
 8.26E-15 5.49E-15 4.08E-15 2.65E-15 1.52E-15 1.04E-15 6.90E-16 4.29E-16
 3.03E-16 1.84E-16 9.73E-17 6.34E-17 4.00E-17 2.35E-17 1.60E-17 9.29E-18
 3.01E-13 1.74E-13 1.05E-13 6.27E-14 4.51E-14 2.91E-14 1.71E-14 1.22E-14
 8.49E-15 5.60E-15 4.14E-15 2.68E-15 1.53E-15 1.04E-15 6.92E-16 4.30E-16
 3.03E-16 1.84E-16 9.72E-17 6.33E-17 3.99E-17 2.34E-17 1.60E-17 9.27E-18
 4.43E-13 2.35E-13 1.32E-13 7.44E-14 5.17E-14 3.22E-14 1.84E-14 1.29E-14
 8.84E-15 5.77E-15 4.24E-15 2.73E-15 1.55E-15 1.05E-15 6.95E-16 4.31E-16
 3.04E-16 1.84E-16 9.70E-17 6.32E-17 3.98E-17 2.33E-17 1.59E-17 9.23E-18
 6.74E-13 3.29E-13 1.72E-13 9.09E-14 6.09E-14 3.64E-14 2.00E-14 1.38E-14
 9.32E-15 6.00E-15 4.38E-15 2.79E-15 1.57E-15 1.06E-15 7.00E-16 4.32E-16
 3.04E-16 1.84E-16 9.68E-17 6.29E-17 3.96E-17 2.32E-17 1.58E-17 9.18E-18
 1.20E-12 5.28E-13 2.52E-13 1.22E-13 7.79E-14 4.40E-14 2.29E-14 1.53E-14
 1.01E-14 6.38E-15 4.60E-15 2.90E-15 1.60E-15 1.08E-15 7.07E-16 4.34E-16
 3.04E-16 1.84E-16 9.63E-17 6.25E-17 3.93E-17 2.30E-17 1.57E-17 9.10E-18
 2.36E-12 9.33E-13 4.00E-13 1.76E-13 1.05E-13 5.56E-14 2.72E-14 1.76E-14
 1.13E-14 6.96E-15 4.94E-15 3.06E-15 1.66E-15 1.11E-15 7.18E-16 4.37E-16
 3.05E-16 1.83E-16 9.54E-17 6.18E-17 3.88E-17 2.27E-17 1.54E-17 8.96E-18
 5.95E-12 2.05E-12 7.66E-13 2.96E-13 1.65E-13 8.02E-14 3.61E-14 2.24E-14
 1.38E-14 8.15E-15 5.66E-15 3.39E-15 1.78E-15 1.17E-15 7.42E-16 4.43E-16
 3.06E-16 1.81E-16 9.35E-17 6.02E-17 3.77E-17 2.20E-17 1.50E-17 8.67E-18
 1.57E-11 4.80E-12 1.59E-12 5.49E-13 2.86E-13 1.28E-13 5.31E-14 3.12E-14
 1.83E-14 1.03E-14 6.89E-15 3.97E-15 1.99E-15 1.26E-15 7.81E-16 4.54E-16
 3.08E-16 1.79E-16 9.02E-17 5.75E-17 3.57E-17 2.07E-17 1.41E-17 8.14E-18
 4.47E-11 1.25E-11 3.73E-12 1.16E-12 5.64E-13 2.33E-13 8.77E-14 4.81E-14
 2.62E-14 1.37E-14 8.81E-15 4.80E-15 2.26E-15 1.39E-15 8.33E-16 4.67E-16
 3.11E-16 1.75E-16 8.59E-17 5.38E-17 3.29E-17 1.88E-17 1.26E-17 7.27E-18
 9.04E-11 2.43E-11 6.88E-12 2.01E-12 9.50E-13 3.72E-13 1.29E-13 6.65E-14
 3.41E-14 1.68E-14 1.04E-14 5.45E-15 2.47E-15 1.48E-15 8.69E-16 4.78E-16
 3.13E-16 1.74E-16 8.30E-17 5.13E-17 3.08E-17 1.73E-17 1.16E-17 6.54E-18
 1.36E-10 3.62E-11 1.01E-11 2.97E-12 1.41E-12 5.39E-13 1.72E-13 8.36E-14
 4.09E-14 1.93E-14 1.16E-14 5.91E-15 2.60E-15 1.54E-15 8.93E-16 4.84E-16
 3.15E-16 1.73E-16 8.14E-17 4.98E-17 2.96E-17 1.65E-17 1.09E-17 6.07E-18
 1.58E-10 4.22E-11 1.19E-11 3.70E-12 1.80E-12 6.75E-13 2.01E-13 9.43E-14
 4.48E-14 2.06E-14 1.23E-14 6.13E-15 2.66E-15 1.56E-15 8.98E-16 4.83E-16
 3.13E-16 1.70E-16 7.96E-17 4.84E-17 2.86E-17 1.58E-17 1.04E-17 5.77E-18
 1.68E-10 4.49E-11 1.29E-11 4.19E-12 2.09E-12 7.82E-13 2.22E-13 1.02E-13
 4.73E-14 2.13E-14 1.26E-14 6.22E-15 2.67E-15 1.56E-15 8.92E-16 4.77E-16
 3.08E-16 1.66E-16 7.72E-17 4.67E-17 2.75E-17 1.51E-17 9.84E-18 5.42E-18
 1.71E-10 4.57E-11 1.33E-11 4.40E-12 2.23E-12 8.46E-13 2.35E-13 1.05E-13
 4.85E-14 2.16E-14 1.27E-14 6.24E-15 2.67E-15 1.56E-15 8.87E-16 4.73E-16
 3.05E-16 1.64E-16 7.59E-17 4.58E-17 2.68E-17 1.46E-17 9.52E-18 5.20E-18
 1.72E-10 4.61E-11 1.34E-11 4.49E-12 2.31E-12 8.87E-13 2.43E-13 1.08E-13
 4.90E-14 2.17E-14 1.27E-14 6.24E-15 2.67E-15 1.55E-15 8.85E-16 4.72E-16
 3.03E-16 1.63E-16 7.54E-17 4.54E-17 2.65E-17 1.44E-17 9.37E-18 5.10E-18
  4862.65   24  24 /pl=01:ss= 0:pp= 1:sz= 0/type=RECOM/ispp = t/isel =   13
 1.00E+01 1.00E+02 1.00E+03 1.00E+04 1.00E+05 1.00E+06 3.00E+06 1.00E+07
 3.00E+07 1.00E+08 3.00E+08 1.00E+09 3.00E+09 1.00E+10 3.00E+10 1.00E+11
 3.00E+11 1.00E+12 3.00E+12 1.00E+13 3.00E+13 1.00E+14 3.00E+14 1.00E+15
 4.31E-02 6.03E-02 8.62E-02 1.29E-01 1.72E-01 2.59E-01 4.31E-01 6.03E-01
 8.62E-01 1.29E+00 1.72E+00 2.59E+00 4.31E+00 6.03E+00 8.62E+00 1.29E+01
 1.72E+01 2.59E+01 4.31E+01 6.03E+01 8.62E+01 1.29E+02 1.72E+02 2.59E+02
 1.60E-13 1.26E-13 9.76E-14 7.29E-14 5.91E-14 4.36E-14 2.91E-14 2.20E-14
 1.62E-14 1.12E-14 8.58E-15 5.77E-15 3.42E-15 2.38E-15 1.61E-15 1.02E-15
 7.25E-16 4.48E-16 2.40E-16 1.58E-16 1.00E-16 5.92E-17 4.05E-17 2.37E-17
 1.63E-13 1.27E-13 9.84E-14 7.33E-14 5.93E-14 4.37E-14 2.92E-14 2.21E-14
 1.62E-14 1.13E-14 8.58E-15 5.77E-15 3.42E-15 2.38E-15 1.61E-15 1.02E-15
 7.25E-16 4.48E-16 2.40E-16 1.58E-16 1.00E-16 5.92E-17 4.05E-17 2.37E-17
 1.68E-13 1.30E-13 9.99E-14 7.40E-14 5.98E-14 4.39E-14 2.93E-14 2.21E-14
 1.62E-14 1.13E-14 8.59E-15 5.77E-15 3.42E-15 2.38E-15 1.61E-15 1.02E-15
 7.25E-16 4.48E-16 2.40E-16 1.58E-16 1.00E-16 5.92E-17 4.05E-17 2.37E-17
 1.76E-13 1.35E-13 1.02E-13 7.53E-14 6.06E-14 4.43E-14 2.94E-14 2.22E-14
 1.63E-14 1.13E-14 8.60E-15 5.78E-15 3.42E-15 2.39E-15 1.61E-15 1.02E-15
 7.25E-16 4.48E-16 2.40E-16 1.58E-16 1.00E-16 5.92E-17 4.05E-17 2.37E-17
 1.93E-13 1.44E-13 1.08E-13 7.79E-14 6.22E-14 4.51E-14 2.97E-14 2.24E-14
 1.64E-14 1.13E-14 8.62E-15 5.79E-15 3.42E-15 2.39E-15 1.61E-15 1.02E-15
 7.25E-16 4.48E-16 2.40E-16 1.58E-16 1.00E-16 5.92E-17 4.05E-17 2.37E-17
 2.27E-13 1.63E-13 1.18E-13 8.28E-14 6.51E-14 4.66E-14 3.03E-14 2.27E-14
 1.66E-14 1.14E-14 8.67E-15 5.81E-15 3.43E-15 2.39E-15 1.61E-15 1.02E-15
 7.25E-16 4.48E-16 2.40E-16 1.58E-16 1.00E-16 5.91E-17 4.05E-17 2.36E-17
 2.50E-13 1.75E-13 1.24E-13 8.59E-14 6.70E-14 4.75E-14 3.07E-14 2.29E-14
 1.67E-14 1.15E-14 8.70E-15 5.83E-15 3.43E-15 2.39E-15 1.61E-15 1.02E-15
 7.25E-16 4.48E-16 2.40E-16 1.58E-16 1.00E-16 5.91E-17 4.05E-17 2.36E-17
 2.83E-13 1.93E-13 1.33E-13 9.05E-14 6.98E-14 4.89E-14 3.13E-14 2.32E-14
 1.68E-14 1.15E-14 8.75E-15 5.85E-15 3.44E-15 2.40E-15 1.61E-15 1.02E-15
 7.25E-16 4.48E-16 2.40E-16 1.57E-16 1.00E-16 5.91E-17 4.04E-17 2.36E-17
 3.35E-13 2.20E-13 1.47E-13 9.71E-14 7.38E-14 5.08E-14 3.21E-14 2.36E-14
 1.71E-14 1.16E-14 8.81E-15 5.87E-15 3.45E-15 2.40E-15 1.62E-15 1.02E-15
 7.26E-16 4.48E-16 2.40E-16 1.57E-16 1.00E-16 5.90E-17 4.04E-17 2.36E-17
 4.29E-13 2.66E-13 1.70E-13 1.08E-13 8.00E-14 5.39E-14 3.33E-14 2.43E-14
 1.74E-14 1.18E-14 8.91E-15 5.92E-15 3.47E-15 2.41E-15 1.62E-15 1.02E-15
 7.26E-16 4.48E-16 2.40E-16 1.57E-16 9.99E-17 5.90E-17 4.04E-17 2.36E-17
 5.68E-13 3.30E-13 2.00E-13 1.21E-13 8.79E-14 5.76E-14 3.48E-14 2.51E-14
 1.78E-14 1.20E-14 9.03E-15 5.97E-15 3.49E-15 2.42E-15 1.62E-15 1.02E-15
 7.26E-16 4.48E-16 2.39E-16 1.57E-16 9.97E-17 5.89E-17 4.03E-17 2.35E-17
 8.27E-13 4.41E-13 2.49E-13 1.42E-13 9.99E-14 6.32E-14 3.70E-14 2.63E-14
 1.85E-14 1.23E-14 9.20E-15 6.05E-15 3.51E-15 2.43E-15 1.63E-15 1.02E-15
 7.27E-16 4.48E-16 2.39E-16 1.57E-16 9.95E-17 5.87E-17 4.02E-17 2.34E-17
 1.24E-12 6.10E-13 3.21E-13 1.72E-13 1.16E-13 7.07E-14 3.99E-14 2.79E-14
 1.93E-14 1.27E-14 9.43E-15 6.16E-15 3.55E-15 2.45E-15 1.64E-15 1.02E-15
 7.27E-16 4.48E-16 2.39E-16 1.56E-16 9.92E-17 5.85E-17 4.00E-17 2.34E-17
 2.16E-12 9.58E-13 4.60E-13 2.26E-13 1.45E-13 8.34E-14 4.46E-14 3.04E-14
 2.06E-14 1.33E-14 9.80E-15 6.33E-15 3.61E-15 2.48E-15 1.65E-15 1.03E-15
 7.29E-16 4.47E-16 2.38E-16 1.56E-16 9.87E-17 5.82E-17 3.98E-17 2.32E-17
 4.13E-12 1.64E-12 7.06E-13 3.13E-13 1.90E-13 1.02E-13 5.11E-14 3.38E-14
 2.23E-14 1.42E-14 1.03E-14 6.55E-15 3.69E-15 2.51E-15 1.66E-15 1.03E-15
 7.30E-16 4.47E-16 2.37E-16 1.55E-16 9.81E-17 5.78E-17 3.95E-17 2.30E-17
 1.01E-11 3.46E-12 1.29E-12 4.99E-13 2.79E-13 1.36E-13 6.28E-14 3.98E-14
 2.54E-14 1.56E-14 1.11E-14 6.92E-15 3.82E-15 2.58E-15 1.69E-15 1.04E-15
 7.33E-16 4.46E-16 2.35E-16 1.54E-16 9.71E-17 5.71E-17 3.90E-17 2.27E-17
 2.82E-11 8.37E-12 2.69E-12 8.96E-13 4.57E-13 2.00E-13 8.29E-14 4.98E-14
 3.04E-14 1.79E-14 1.24E-14 7.53E-15 4.03E-15 2.68E-15 1.73E-15 1.05E-15
 7.36E-16 4.45E-16 2.33E-16 1.52E-16 9.55E-17 5.61E-17 3.83E-17 2.23E-17
 1.12E-10 2.89E-11 7.94E-12 2.21E-12 1.00E-12 3.78E-13 1.33E-13 7.38E-14
 4.19E-14 2.30E-14 1.53E-14 8.80E-15 4.46E-15 2.88E-15 1.82E-15 1.08E-15
 7.45E-16 4.43E-16 2.29E-16 1.48E-16 9.26E-17 5.41E-17 3.69E-17 2.15E-17
 4.01E-10 9.75E-11 2.42E-11 5.96E-12 2.47E-12 8.14E-13 2.41E-13 1.21E-13
 6.28E-14 3.16E-14 1.99E-14 1.07E-14 5.08E-15 3.16E-15 1.94E-15 1.12E-15
 7.59E-16 4.42E-16 2.24E-16 1.43E-16 8.89E-17 5.16E-17 3.50E-17 2.03E-17
 1.15E-09 2.79E-10 6.71E-11 1.56E-11 6.09E-12 1.80E-12 4.48E-13 2.01E-13
 9.39E-14 4.29E-14 2.56E-14 1.29E-14 5.76E-15 3.47E-15 2.06E-15 1.16E-15
 7.73E-16 4.41E-16 2.19E-16 1.38E-16 8.49E-17 4.88E-17 3.30E-17 1.90E-17
 1.97E-09 4.89E-10 1.19E-10 2.76E-11 1.06E-11 2.91E-12 6.48E-13 2.70E-13
 1.18E-13 5.08E-14 2.93E-14 1.42E-14 6.12E-15 3.60E-15 2.09E-15 1.15E-15
 7.54E-16 4.21E-16 2.05E-16 1.28E-16 7.81E-17 4.46E-17 3.01E-17 1.73E-17
 2.54E-09 6.42E-10 1.59E-10 3.76E-11 1.45E-11 3.90E-12 8.11E-13 3.22E-13
 1.35E-13 5.58E-14 3.15E-14 1.49E-14 6.18E-15 3.57E-15 2.03E-15 1.09E-15
 7.04E-16 3.85E-16 1.82E-16 1.12E-16 6.70E-17 3.77E-17 2.51E-17 1.42E-17
 2.75E-09 7.03E-10 1.76E-10 4.22E-11 1.65E-11 4.52E-12 9.11E-13 3.52E-13
 1.43E-13 5.78E-14 3.21E-14 1.50E-14 6.14E-15 3.52E-15 1.98E-15 1.05E-15
 6.75E-16 3.64E-16 1.69E-16 1.03E-16 6.06E-17 3.34E-17 2.20E-17 1.22E-17
 2.84E-09 7.27E-10 1.82E-10 4.42E-11 1.77E-11 4.92E-12 9.74E-13 3.69E-13
 1.47E-13 5.84E-14 3.23E-14 1.50E-14 6.10E-15 3.49E-15 1.96E-15 1.03E-15
 6.62E-16 3.55E-16 1.64E-16 9.85E-17 5.77E-17 3.15E-17 2.05E-17 1.12E-17
  6564.57   24  24 /pl=01:ss= 0:pp= 1:sz= 0/type=RECOM/ispp = t/isel =   14
 1.00E+01 1.00E+02 1.00E+03 1.00E+04 1.00E+05 1.00E+06 3.00E+06 1.00E+07
 3.00E+07 1.00E+08 3.00E+08 1.00E+09 3.00E+09 1.00E+10 3.00E+10 1.00E+11
 3.00E+11 1.00E+12 3.00E+12 1.00E+13 3.00E+13 1.00E+14 3.00E+14 1.00E+15
 4.31E-02 6.03E-02 8.62E-02 1.29E-01 1.72E-01 2.59E-01 4.31E-01 6.03E-01
 8.62E-01 1.29E+00 1.72E+00 2.59E+00 4.31E+00 6.03E+00 8.62E+00 1.29E+01
 1.72E+01 2.59E+01 4.31E+01 6.03E+01 8.62E+01 1.29E+02 1.72E+02 2.59E+02
 5.68E-12 4.24E-13 3.31E-13 2.49E-13 2.03E-13 1.52E-13 1.04E-13 7.96E-14
 5.96E-14 4.23E-14 3.28E-14 2.26E-14 1.38E-14 9.78E-15 6.72E-15 4.33E-15
 3.13E-15 1.97E-15 1.07E-15 7.10E-16 4.57E-16 2.72E-16 1.87E-16 1.10E-16
 5.03E-13 4.29E-13 3.33E-13 2.51E-13 2.04E-13 1.52E-13 1.04E-13 7.97E-14
 5.97E-14 4.23E-14 3.28E-14 2.26E-14 1.38E-14 9.78E-15 6.72E-15 4.33E-15
 3.13E-15 1.97E-15 1.07E-15 7.10E-16 4.56E-16 2.72E-16 1.87E-16 1.10E-16
 2.61E-12 4.38E-13 3.38E-13 2.53E-13 2.06E-13 1.53E-13 1.04E-13 7.99E-14
 5.98E-14 4.24E-14 3.28E-14 2.26E-14 1.38E-14 9.78E-15 6.72E-15 4.33E-15
 3.13E-15 1.97E-15 1.07E-15 7.10E-16 4.56E-16 2.72E-16 1.87E-16 1.10E-16
 2.51E-12 4.54E-13 3.47E-13 2.57E-13 2.08E-13 1.54E-13 1.05E-13 8.02E-14
 5.99E-14 4.24E-14 3.29E-14 2.26E-14 1.38E-14 9.78E-15 6.72E-15 4.33E-15
 3.13E-15 1.97E-15 1.07E-15 7.10E-16 4.56E-16 2.72E-16 1.87E-16 1.10E-16
 1.12E-11 4.85E-13 3.64E-13 2.66E-13 2.14E-13 1.57E-13 1.06E-13 8.07E-14
 6.02E-14 4.26E-14 3.30E-14 2.27E-14 1.38E-14 9.79E-15 6.73E-15 4.33E-15
 3.13E-15 1.97E-15 1.07E-15 7.10E-16 4.56E-16 2.72E-16 1.87E-16 1.10E-16
 4.86E-12 5.47E-13 3.97E-13 2.82E-13 2.23E-13 1.62E-13 1.08E-13 8.18E-14
 6.08E-14 4.28E-14 3.31E-14 2.27E-14 1.38E-14 9.80E-15 6.73E-15 4.33E-15
 3.14E-15 1.97E-15 1.07E-15 7.10E-16 4.56E-16 2.72E-16 1.87E-16 1.10E-16
 2.39E-12 5.86E-13 4.18E-13 2.92E-13 2.30E-13 1.65E-13 1.09E-13 8.25E-14
 6.11E-14 4.30E-14 3.32E-14 2.28E-14 1.38E-14 9.80E-15 6.73E-15 4.33E-15
 3.14E-15 1.97E-15 1.07E-15 7.09E-16 4.56E-16 2.72E-16 1.87E-16 1.10E-16
 5.13E-13 6.44E-13 4.48E-13 3.07E-13 2.39E-13 1.69E-13 1.11E-13 8.35E-14
 6.17E-14 4.33E-14 3.34E-14 2.28E-14 1.38E-14 9.82E-15 6.74E-15 4.33E-15
 3.14E-15 1.97E-15 1.07E-15 7.09E-16 4.56E-16 2.72E-16 1.87E-16 1.10E-16
 1.36E-12 7.32E-13 4.93E-13 3.29E-13 2.52E-13 1.76E-13 1.13E-13 8.49E-14
 6.24E-14 4.36E-14 3.36E-14 2.29E-14 1.39E-14 9.83E-15 6.74E-15 4.33E-15
 3.14E-15 1.97E-15 1.07E-15 7.09E-16 4.56E-16 2.72E-16 1.87E-16 1.10E-16
 5.12E-12 8.82E-13 5.67E-13 3.63E-13 2.72E-13 1.86E-13 1.17E-13 8.71E-14
 6.36E-14 4.42E-14 3.39E-14 2.31E-14 1.39E-14 9.85E-15 6.75E-15 4.34E-15
 3.14E-15 1.97E-15 1.07E-15 7.08E-16 4.55E-16 2.71E-16 1.87E-16 1.10E-16
 8.86E-12 1.09E-12 6.65E-13 4.07E-13 2.98E-13 1.98E-13 1.22E-13 8.97E-14
 6.50E-14 4.48E-14 3.43E-14 2.32E-14 1.40E-14 9.88E-15 6.77E-15 4.34E-15
 3.14E-15 1.97E-15 1.07E-15 7.08E-16 4.55E-16 2.71E-16 1.87E-16 1.09E-16
 7.95E-12 1.45E-12 8.25E-13 4.76E-13 3.36E-13 2.16E-13 1.29E-13 9.36E-14
 6.70E-14 4.58E-14 3.48E-14 2.35E-14 1.41E-14 9.93E-15 6.78E-15 4.35E-15
 3.14E-15 1.97E-15 1.07E-15 7.07E-16 4.54E-16 2.71E-16 1.86E-16 1.09E-16
 5.73E-12 1.99E-12 1.05E-12 5.69E-13 3.88E-13 2.39E-13 1.38E-13 9.85E-14
 6.96E-14 4.70E-14 3.56E-14 2.38E-14 1.42E-14 9.98E-15 6.81E-15 4.35E-15
 3.14E-15 1.97E-15 1.06E-15 7.06E-16 4.53E-16 2.70E-16 1.86E-16 1.09E-16
 1.76E-11 3.07E-12 1.48E-12 7.36E-13 4.78E-13 2.79E-13 1.53E-13 1.06E-13
 7.36E-14 4.89E-14 3.67E-14 2.44E-14 1.44E-14 1.01E-14 6.85E-15 4.37E-15
 3.15E-15 1.97E-15 1.06E-15 7.04E-16 4.52E-16 2.69E-16 1.85E-16 1.09E-16
 1.78E-11 5.11E-12 2.22E-12 9.96E-13 6.10E-13 3.33E-13 1.72E-13 1.16E-13
 7.87E-14 5.13E-14 3.81E-14 2.50E-14 1.46E-14 1.02E-14 6.90E-15 4.38E-15
 3.15E-15 1.97E-15 1.06E-15 7.02E-16 4.51E-16 2.68E-16 1.84E-16 1.08E-16
 2.90E-11 1.02E-11 3.84E-12 1.51E-12 8.54E-13 4.27E-13 2.04E-13 1.32E-13
 8.67E-14 5.50E-14 4.02E-14 2.60E-14 1.50E-14 1.04E-14 6.98E-15 4.42E-15
 3.17E-15 1.97E-15 1.06E-15 7.01E-16 4.49E-16 2.67E-16 1.84E-16 1.08E-16
 7.03E-11 2.17E-11 7.13E-12 2.44E-12 1.27E-12 5.76E-13 2.50E-13 1.55E-13
 9.80E-14 6.02E-14 4.32E-14 2.74E-14 1.55E-14 1.06E-14 7.12E-15 4.48E-15
 3.20E-15 1.99E-15 1.07E-15 7.03E-16 4.50E-16 2.67E-16 1.83E-16 1.07E-16
 2.34E-10 6.10E-11 1.70E-11 4.90E-12 2.29E-12 9.07E-13 3.44E-13 2.00E-13
 1.19E-13 6.96E-14 4.86E-14 2.99E-14 1.65E-14 1.12E-14 7.41E-15 4.63E-15
 3.30E-15 2.04E-15 1.09E-15 7.17E-16 4.58E-16 2.71E-16 1.86E-16 1.09E-16
 8.20E-10 1.94E-10 4.74E-11 1.17E-11 4.90E-12 1.68E-12 5.34E-13 2.83E-13
 1.57E-13 8.58E-14 5.77E-14 3.40E-14 1.81E-14 1.21E-14 7.97E-15 4.94E-15
 3.51E-15 2.16E-15 1.15E-15 7.56E-16 4.81E-16 2.84E-16 1.95E-16 1.13E-16
 3.53E-09 7.91E-10 1.78E-10 3.91E-11 1.49E-11 4.31E-12 1.07E-12 4.93E-13
 2.44E-13 1.21E-13 7.67E-14 4.23E-14 2.12E-14 1.38E-14 8.83E-15 5.36E-15
 3.77E-15 2.30E-15 1.22E-15 8.05E-16 5.14E-16 3.05E-16 2.09E-16 1.23E-16
 1.15E-08 2.59E-09 5.79E-10 1.24E-10 4.51E-11 1.14E-11 2.25E-12 9.04E-13
 3.98E-13 1.76E-13 1.04E-13 5.22E-14 2.37E-14 1.46E-14 8.86E-15 5.14E-15
 3.53E-15 2.10E-15 1.10E-15 7.24E-16 4.65E-16 2.80E-16 1.95E-16 1.16E-16
 2.87E-08 6.82E-09 1.58E-09 3.49E-10 1.26E-10 2.91E-11 4.67E-12 1.64E-12
 6.28E-13 2.40E-13 1.29E-13 5.80E-14 2.34E-14 1.34E-14 7.70E-15 4.21E-15
 2.78E-15 1.58E-15 7.92E-16 5.09E-16 3.21E-16 1.91E-16 1.33E-16 8.02E-17
 4.59E-08 1.14E-08 2.76E-09 6.39E-10 2.34E-10 5.18E-11 7.24E-12 2.31E-12
 7.94E-13 2.72E-13 1.38E-13 5.81E-14 2.21E-14 1.23E-14 6.82E-15 3.60E-15
 2.32E-15 1.27E-15 6.05E-16 3.76E-16 2.29E-16 1.31E-16 8.93E-17 5.21E-17
 5.72E-08 1.46E-08 3.66E-09 8.80E-10 3.29E-10 7.13E-11 9.29E-12 2.78E-12
 8.83E-13 2.83E-13 1.39E-13 5.74E-14 2.13E-14 1.17E-14 6.41E-15 3.32E-15
 2.11E-15 1.13E-15 5.21E-16 3.16E-16 1.87E-16 1.04E-16 6.86E-17 3.85E-17
C-------------------------------------------------------------------------------
C
C  root partition information
C  ==========================
C
C  nuclear charge :  1
C  ion charge+1   :  1
C
C  population calculation information
C  ----------------------------------
C
C  population processing code: ADAS208
C
C  adf04 source file    : ha00_n#h0_supress.dat
C  adf18/a17_p208 file  : exp97#h_h0ls_supress.dat
C
C  meta. ion. coeff. selector  : (1,1)=T
C
C  options  : lnorm =T  lpsel =F  lzsel =F  liosel=T
C           : lhsel =F  lrsel =T  lisel =F  lnsel =T
C
C  energy levels
C  -------------
C
C   lv      configuration    (2S+1)L(w-1/2)      energy (cm^-1)
C  ---   ------------------- --------------      --------------
C    1   n=1                    (2)0(  0.5)             0.0
C    2   n=2                    (2)0(  3.5)         82259.0
C    3   n=3                    (2)0(  8.5)         97492.3
C    4   n=4                    (2)0( 15.5)        102823.9
C    5   n=5                    (2)0( 24.5)        105291.6
C
C
C
C-------------------------------------------------------------------------------
C
C  element symbol   : H
C  charge state :  0
C
C  tabulation       : photon emissivity coefft (te,ne)
C  units            : ph. emis coef(cm^3 s^-1); te (ev); ne (cm^-3)
C
C  photon emissivity atomic transitions
C  ------------------------------------
C  
C   isel  wvlen(A)            transition                type  ispb nspb
C                                                             ispp nspp sz    tg pr wr
C  ----- ---------- ----------------------------------- ----- ---- ---- --    -- -- --
C      1   949.743    5(2)0( 24.5)-  1(2)0(  0.5)       EXCIT   1    1   0     4  6  1
C      2   972.537    4(2)0( 15.5)-  1(2)0(  0.5)       EXCIT   1    1   0     3  5  2
C      3   1025.72    3(2)0(  8.5)-  1(2)0(  0.5)       EXCIT   1    1   0     2  3  3
C      4   1215.67    2(2)0(  3.5)-  1(2)0(  0.5)       EXCIT   1    1   0     1  1  4
C      5   4341.67    5(2)0( 24.5)-  2(2)0(  3.5)       EXCIT   1    1   0     7  7  5
C      6   4862.65    4(2)0( 15.5)-  2(2)0(  3.5)       EXCIT   1    1   0     6  4  6
C      7   6564.57    3(2)0(  8.5)-  2(2)0(  3.5)       EXCIT   1    1   0     5  2  7
C      8   949.743    5(2)0( 24.5)-  1(2)0(  0.5)       RECOM   1    1   0     4  6  1
C      9   972.537    4(2)0( 15.5)-  1(2)0(  0.5)       RECOM   1    1   0     3  5  2
C     10   1025.72    3(2)0(  8.5)-  1(2)0(  0.5)       RECOM   1    1   0     2  3  3
C     11   1215.67    2(2)0(  3.5)-  1(2)0(  0.5)       RECOM   1    1   0     1  1  4
C     12   4341.67    5(2)0( 24.5)-  2(2)0(  3.5)       RECOM   1    1   0     7  7  5
C     13   4862.65    4(2)0( 15.5)-  2(2)0(  3.5)       RECOM   1    1   0     6  4  6
C     14   6564.57    3(2)0(  8.5)-  2(2)0(  3.5)       RECOM   1    1   0     5  2  7
C-------------------------------------------------------------------------------
C
C  CODE     : adas208
C  PRODUCER : Bart Lomanowski
C  DATE     : 12/01/17
C
C-------------------------------------------------------------------------------
