    1   24   29    1    1     /HYDROGEN           /SUMMERS ET AL 1996
--------------------------------------------------------------------------------
   7.69897   8.00000   8.30103   8.69897   9.00000   9.30103   9.69897  10.00000
  10.30103  10.69897  11.00000  11.30103  11.69897  12.00000  12.30103  12.69897
  13.00000  13.30103  13.69897  14.00000  14.30103  14.69897  15.00000  15.30103
  -0.69897  -0.52288  -0.30103  -0.15490   0.00000   0.17609   0.30103   0.47712
   0.69897   0.84510   1.00000   1.17609   1.30103   1.47712   1.69897   1.84510
   2.00000   2.17609   2.30103   2.47712   2.69897   2.84510   3.00000   3.17609
   3.30103   3.47712   3.69897   3.84510   4.00000
---------------------/ IPRT= 1  / IGRD= 1  /--------/ Z1= 1   / DATE= 19/04/99
 -36.00000 -36.00000 -36.00000 -36.00000 -36.00000 -36.00000 -36.00000 -36.00000
 -36.00000 -36.00000 -36.00000 -36.00000 -36.00000 -36.00000 -36.00000 -36.00000
 -35.98297 -35.54212 -34.90309 -34.43180 -34.00480 -33.55129 -33.30364 -33.13490
 -28.00877 -27.97881 -27.94692 -27.90309 -27.86328 -27.82391 -27.76195 -27.70996
 -27.65561 -27.57512 -27.50585 -27.42829 -27.30803 -27.19518 -27.05061 -26.77728
 -26.48280 -26.11407 -25.54821 -25.11182 -24.70996 -24.27003 -24.02228 -23.84771
 -20.09151 -20.07314 -20.05208 -20.02091 -19.99568 -19.96658 -19.92082 -19.88606
 -19.84466 -19.78516 -19.73518 -19.67778 -19.58503 -19.49757 -19.38828 -19.18243
 -18.96257 -18.67572 -18.21396 -17.84771 -17.50724 -17.13966 -16.93930 -16.80134
 -16.66354 -16.64975 -16.63264 -16.60906 -16.58670 -16.56384 -16.52871 -16.49894
 -16.46597 -16.41680 -16.37469 -16.32606 -16.24949 -16.17653 -16.08407 -15.91364
 -15.72816 -15.48017 -15.07936 -14.76447 -14.48413 -14.20482 -14.06803 -13.98297
 -14.06956 -14.05849 -14.04624 -14.02780 -14.01144 -13.99140 -13.96658 -13.94310
 -13.91721 -13.87615 -13.84164 -13.80410 -13.73755 -13.67778 -13.59860 -13.45100
 -13.29158 -13.07779 -12.73755 -12.48413 -12.27654 -12.09528 -12.01818 -11.97469
 -12.02319 -12.01547 -12.00656 -11.99140 -11.97881 -11.96658 -11.94692 -11.92812
 -11.91010 -11.87943 -11.85078 -11.82102 -11.76700 -11.71670 -11.65170 -11.53018
 -11.39362 -11.21396 -10.93930 -10.75203 -10.61618 -10.50864 -10.46725 -10.44491
 -10.98297 -10.97469 -10.96658 -10.95861 -10.94692 -10.93554 -10.92082 -10.90658
 -10.88941 -10.86328 -10.83863 -10.81248 -10.76955 -10.72584 -10.66959 -10.56067
 -10.44009 -10.28067 -10.04866  -9.89963  -9.79860  -9.72354  -9.69465  -9.67985
  -9.91010  -9.90658  -9.90309  -9.89279  -9.88606  -9.87943  -9.86646  -9.85387
  -9.84164  -9.82102  -9.80410  -9.78252  -9.74715  -9.71444  -9.66756  -9.57512
  -9.47237  -9.34008  -9.15677  -9.04963  -8.97881  -8.93181  -8.91364  -8.90658
  -9.00770  -9.00484  -9.00145  -8.99595  -8.99092  -8.98509  -8.97609  -8.96814
  -8.95902  -8.94461  -8.93135  -8.91533  -8.88860  -8.86328  -8.83336  -8.78795
  -8.74977  -8.70840  -8.65054  -8.60394  -8.55097  -8.46909  -8.40694  -8.35610
  -8.59466  -8.59242  -8.58975  -8.58541  -8.58141  -8.57675  -8.56950  -8.56306
  -8.55562  -8.54381  -8.53291  -8.51972  -8.49779  -8.47710  -8.45266  -8.41539
  -8.38366  -8.34874  -8.29854  -8.25642  -8.20733  -8.13203  -8.07677  -8.03310
  -8.26495  -8.26319  -8.26110  -8.25766  -8.25448  -8.25074  -8.24487  -8.23964
  -8.23356  -8.22390  -8.21497  -8.20412  -8.18562  -8.16765  -8.14624  -8.11358
  -8.08571  -8.05555  -8.01318  -7.97699  -7.93348  -7.86627  -7.81790  -7.78058
  -7.99032  -7.98895  -7.98730  -7.98460  -7.98207  -7.97908  -7.97436  -7.97011
  -7.96516  -7.95726  -7.94994  -7.94110  -7.92618  -7.91177  -7.89454  -7.86783
  -7.84455  -7.81875  -7.78110  -7.74765  -7.70687  -7.64464  -7.60102  -7.56813
  -7.84538  -7.84420  -7.84279  -7.84047  -7.83828  -7.83569  -7.83156  -7.82783
  -7.82347  -7.81649  -7.81004  -7.80229  -7.78931  -7.77684  -7.76186  -7.73830
  -7.71738  -7.69373  -7.65824  -7.62599  -7.58635  -7.52600  -7.48400  -7.45254
  -7.69534  -7.69436  -7.69319  -7.69126  -7.68943  -7.68724  -7.68373  -7.68055
  -7.67681  -7.67081  -7.66528  -7.65867  -7.64774  -7.63731  -7.62469  -7.60448
  -7.58607  -7.56467  -7.53147  -7.50056  -7.46220  -7.40358  -7.36275  -7.33216
  -7.57649  -7.57568  -7.57471  -7.57311  -7.57158  -7.56974  -7.56676  -7.56404
  -7.56083  -7.55567  -7.55092  -7.54527  -7.53602  -7.52727  -7.51664  -7.49928
  -7.48309  -7.46375  -7.43273  -7.40328  -7.36638  -7.30929  -7.26895  -7.23842
  -7.53141  -7.53068  -7.52980  -7.52835  -7.52697  -7.52529  -7.52256  -7.52005
  -7.51709  -7.51231  -7.50791  -7.50268  -7.49416  -7.48612  -7.47635  -7.46027
  -7.44513  -7.42681  -7.39694  -7.36835  -7.33234  -7.27602  -7.23565  -7.20473
  -7.50616  -7.50548  -7.50468  -7.50336  -7.50209  -7.50054  -7.49802  -7.49569
  -7.49292  -7.48846  -7.48434  -7.47944  -7.47147  -7.46397  -7.45484  -7.43977
  -7.42550  -7.40807  -7.37927  -7.35152  -7.31641  -7.26073  -7.22002  -7.18832
  -7.49976  -7.49914  -7.49841  -7.49720  -7.49603  -7.49461  -7.49227  -7.49010
  -7.48752  -7.48335  -7.47947  -7.47485  -7.46733  -7.46027  -7.45168  -7.43745
  -7.42395  -7.40737  -7.37966  -7.35283  -7.31875  -7.26369  -7.22227  -7.18925
  -7.50662  -7.50603  -7.50534  -7.50419  -7.50310  -7.50175  -7.49952  -7.49745
  -7.49498  -7.49098  -7.48726  -7.48281  -7.47556  -7.46875  -7.46046  -7.44671
  -7.43367  -7.41760  -7.39059  -7.36440  -7.33107  -7.27650  -7.23453  -7.20039
  -7.52857  -7.52802  -7.52737  -7.52631  -7.52529  -7.52404  -7.52195  -7.52000
  -7.51768  -7.51390  -7.51038  -7.50616  -7.49926  -7.49278  -7.48488  -7.47173
  -7.45924  -7.44381  -7.41770  -7.39235  -7.36009  -7.30635  -7.26365  -7.22783
  -7.57205  -7.57154  -7.57095  -7.56998  -7.56905  -7.56790  -7.56597  -7.56416
  -7.56200  -7.55847  -7.55517  -7.55121  -7.54473  -7.53864  -7.53121  -7.51878
  -7.50691  -7.49222  -7.46713  -7.44268  -7.41160  -7.35880  -7.31505  -7.27677
  -7.60820  -7.60772  -7.60715  -7.60623  -7.60535  -7.60426  -7.60243  -7.60070
  -7.59863  -7.59525  -7.59209  -7.58829  -7.58206  -7.57620  -7.56907  -7.55710
  -7.54563  -7.53142  -7.50699  -7.48306  -7.45264  -7.40035  -7.35581  -7.31566
  -7.65189  -7.65142  -7.65088  -7.65001  -7.64917  -7.64814  -7.64640  -7.64476
  -7.64277  -7.63954  -7.63651  -7.63286  -7.62687  -7.62124  -7.61438  -7.60286
  -7.59179  -7.57805  -7.55431  -7.53097  -7.50130  -7.44979  -7.40464  -7.36259
  -7.70708  -7.70664  -7.70612  -7.70530  -7.70451  -7.70354  -7.70189  -7.70033
  -7.69844  -7.69535  -7.69245  -7.68896  -7.68322  -7.67781  -7.67122  -7.66012
  -7.64942  -7.63615  -7.61319  -7.59055  -7.56185  -7.51171  -7.46643  -7.42259
  -7.74911  -7.74868  -7.74818  -7.74738  -7.74662  -7.74569  -7.74411  -7.74259
  -7.74076  -7.73777  -7.73496  -7.73157  -7.72599  -7.72073  -7.71431  -7.70349
  -7.69303  -7.68007  -7.65764  -7.63548  -7.60746  -7.55838  -7.51320  -7.46824
  -7.81151  -7.81110  -7.81062  -7.80986  -7.80914  -7.80826  -7.80676  -7.80531
  -7.80356  -7.80069  -7.79800  -7.79475  -7.78938  -7.78431  -7.77813  -7.76770
  -7.75760  -7.74506  -7.72337  -7.70186  -7.67471  -7.62703  -7.58208  -7.53562
  -7.89448  -7.89410  -7.89364  -7.89292  -7.89224  -7.89141  -7.89001  -7.88865
  -7.88699  -7.88426  -7.88170  -7.87861  -7.87349  -7.86865  -7.86275  -7.85280
  -7.84314  -7.83112  -7.81037  -7.78970  -7.76357  -7.71767  -7.67331  -7.62530
  -7.95121  -7.95084  -7.95040  -7.94970  -7.94905  -7.94825  -7.94690  -7.94559
  -7.94399  -7.94135  -7.93888  -7.93588  -7.93092  -7.92623  -7.92050  -7.91084
  -7.90146  -7.88979  -7.86964  -7.84956  -7.82412  -7.77948  -7.73578  -7.68713
  -8.01229  -8.01193  -8.01151  -8.01083  -8.01021  -8.00944  -8.00815  -8.00690
  -8.00536  -8.00281  -8.00042  -7.99753  -7.99273  -7.98819  -7.98265  -7.97331
  -7.96423  -7.95292  -7.93344  -7.91401  -7.88937  -7.84618  -7.80349  -7.75461
--------------------------------------------------------------------------------
C
C
C     RATE COEFFICIENTS IN UNITS OF CM**3 S-1
C     ---------------------------------------
C
C     PREPARED USING CODE JETSHP.NMAINCH.FORT(TCMPRSS3)
C
C           H. P. SUMMERS        19/04/99
C-------------------------------------------------------------------------------
 
C---------------------------------------------------------------------------------
C ADAS ADF11 DATA - SCCS info: @(#)$Header: /home/adascvs/adas/adf11/scd96/scd96_h.dat,v 2.1 2004/07/07 00:12:43 whitefor Exp $ Date $Date: 2004/07/07 00:12:43 $
C---------------------------------------------------------------------------------
